0.239216 0.109804 0.000000
0.245259 0.114296 0.000347
0.251314 0.118818 0.000710
0.257379 0.123369 0.001088
0.263454 0.127949 0.001481
0.269538 0.132557 0.001888
0.275630 0.137195 0.002311
0.281731 0.141862 0.002747
0.287840 0.146557 0.003199
0.293956 0.151282 0.003664
0.300078 0.156034 0.004144
0.306206 0.160815 0.004638
0.312341 0.165625 0.005146
0.318480 0.170462 0.005668
0.324624 0.175328 0.006205
0.330772 0.180222 0.006755
0.336923 0.185144 0.007320
0.343078 0.190094 0.007899
0.349236 0.195072 0.008493
0.355396 0.200077 0.009101
0.361558 0.205110 0.009725
0.367721 0.210171 0.010364
0.373885 0.215259 0.011018
0.380049 0.220375 0.011689
0.386213 0.225518 0.012376
0.392377 0.230689 0.013080
0.398540 0.235886 0.013802
0.404702 0.241111 0.014542
0.410862 0.246363 0.015302
0.417020 0.251642 0.016080
0.423175 0.256948 0.016880
0.429327 0.262281 0.017701
0.435475 0.267640 0.018544
0.441620 0.273027 0.019412
0.447761 0.278440 0.020303
0.453897 0.283879 0.021221
0.460027 0.289346 0.022166
0.466152 0.294838 0.023140
0.472272 0.300358 0.024143
0.478385 0.305903 0.025179
0.484491 0.311475 0.026248
0.490590 0.317073 0.027352
0.496682 0.322697 0.028493
0.502765 0.328348 0.029673
0.508841 0.334024 0.030894
0.514908 0.339727 0.032159
0.520965 0.345455 0.033469
0.527014 0.351210 0.034827
0.533052 0.356990 0.036236
0.539080 0.362796 0.037698
0.545098 0.368627 0.039215
0.550837 0.373436 0.040139
0.556578 0.378260 0.041061
0.562321 0.383099 0.041978
0.568065 0.387954 0.042895
0.573810 0.392825 0.043811
0.579556 0.397710 0.044728
0.585304 0.402612 0.045646
0.591052 0.407528 0.046565
0.596800 0.412460 0.047484
0.602550 0.417407 0.048405
0.608299 0.422370 0.049328
0.614049 0.427347 0.050253
0.619799 0.432340 0.051181
0.625549 0.437348 0.052111
0.631298 0.442371 0.053044
0.637048 0.447409 0.053980
0.642796 0.452462 0.054920
0.648545 0.457530 0.055864
0.654292 0.462613 0.056812
0.660038 0.467711 0.057765
0.665784 0.472824 0.058722
0.671528 0.477952 0.059685
0.677271 0.483095 0.060654
0.683013 0.488252 0.061628
0.688753 0.493425 0.062609
0.694491 0.498612 0.063597
0.700228 0.503813 0.064591
0.705962 0.509030 0.065593
0.711695 0.514261 0.066602
0.717425 0.519506 0.067620
0.723153 0.524767 0.068646
0.728878 0.530042 0.069680
0.734601 0.535331 0.070724
0.740321 0.540635 0.071777
0.746039 0.545954 0.072840
0.751753 0.551286 0.073913
0.757464 0.556634 0.074996
0.763172 0.561996 0.076091
0.768877 0.567372 0.077196
0.774578 0.572762 0.078314
0.780276 0.578167 0.079443
0.785969 0.583586 0.080584
0.791660 0.589020 0.081738
0.797346 0.594467 0.082904
0.803028 0.599929 0.084085
0.808706 0.605405 0.085278
0.814379 0.610895 0.086486
0.820048 0.616400 0.087708
0.825713 0.621918 0.088944
0.831373 0.627451 0.090196
0.833587 0.631200 0.099714
0.835800 0.634949 0.108636
0.838011 0.638699 0.117077
0.840222 0.642450 0.125118
0.842431 0.646201 0.132822
0.844639 0.649953 0.140238
0.846846 0.653705 0.147404
0.849052 0.657458 0.154352
0.851257 0.661212 0.161107
0.853461 0.664966 0.167691
0.855663 0.668721 0.174122
0.857865 0.672477 0.180416
0.860066 0.676233 0.186585
0.862267 0.679990 0.192641
0.864466 0.683748 0.198594
0.866665 0.687506 0.204453
0.868862 0.691265 0.210225
0.871059 0.695025 0.215918
0.873256 0.698785 0.221537
0.875451 0.702546 0.227089
0.877646 0.706307 0.232577
0.879841 0.710070 0.238007
0.882034 0.713833 0.243382
0.884228 0.717596 0.248707
0.886420 0.721361 0.253984
0.888613 0.725126 0.259216
0.890804 0.728891 0.264407
0.892996 0.732658 0.269559
0.895187 0.736425 0.274674
0.897378 0.740193 0.279755
0.899568 0.743961 0.284803
0.901758 0.747730 0.289821
0.903948 0.751500 0.294810
0.906138 0.755270 0.299772
0.908328 0.759041 0.304709
0.910517 0.762813 0.309621
0.912707 0.766585 0.314510
0.914896 0.770359 0.319378
0.917085 0.774132 0.324226
0.919275 0.777907 0.329054
0.921464 0.781682 0.333863
0.923653 0.785457 0.338656
0.925843 0.789234 0.343432
0.928033 0.793011 0.348192
0.930223 0.796788 0.352938
0.932413 0.800567 0.357669
0.934603 0.804346 0.362388
0.936794 0.808125 0.367094
0.938985 0.811905 0.371788
0.941176 0.815686 0.376470
0.942008 0.817597 0.383958
0.942838 0.819507 0.391350
0.943665 0.821415 0.398651
0.944491 0.823322 0.405867
0.945315 0.825229 0.413003
0.946137 0.827133 0.420063
0.946957 0.829037 0.427052
0.947775 0.830939 0.433972
0.948592 0.832841 0.440829
0.949406 0.834741 0.447624
0.950219 0.836640 0.454360
0.951030 0.838537 0.461042
0.951838 0.840434 0.467671
0.952645 0.842329 0.474249
0.953450 0.844223 0.480780
0.954253 0.846116 0.487265
0.955055 0.848008 0.493706
0.955854 0.849898 0.500105
0.956651 0.851788 0.506464
0.957446 0.853676 0.512785
0.958240 0.855563 0.519069
0.959031 0.857449 0.525318
0.959821 0.859334 0.531532
0.960608 0.861218 0.537715
0.961394 0.863101 0.543866
0.962178 0.864982 0.549986
0.962960 0.866862 0.556078
0.963739 0.868741 0.562143
0.964517 0.870620 0.568180
0.965293 0.872496 0.574192
0.966067 0.874372 0.580178
0.966839 0.876247 0.586141
0.967609 0.878120 0.592081
0.968377 0.879993 0.597998
0.969143 0.881864 0.603894
0.969907 0.883735 0.609770
0.970669 0.885604 0.615625
0.971429 0.887472 0.621461
0.972187 0.889339 0.627278
0.972943 0.891205 0.633077
0.973697 0.893069 0.638859
0.974449 0.894933 0.644623
0.975199 0.896796 0.650372
0.975947 0.898657 0.656104
0.976693 0.900518 0.661822
0.977437 0.902377 0.667524
0.978179 0.904235 0.673213
0.978919 0.906093 0.678887
0.979656 0.907949 0.684548
0.980392 0.909804 0.690196
0.980943 0.910998 0.694559
0.981487 0.912194 0.698914
0.982025 0.913391 0.703262
0.982557 0.914589 0.707603
0.983082 0.915789 0.711936
0.983601 0.916991 0.716264
0.984113 0.918194 0.720584
0.984618 0.919398 0.724898
0.985117 0.920604 0.729206
0.985610 0.921811 0.733508
0.986095 0.923020 0.737803
0.986575 0.924230 0.742093
0.987048 0.925442 0.746377
0.987514 0.926655 0.750655
0.987973 0.927869 0.754927
0.988426 0.929085 0.759195
0.988873 0.930302 0.763457
0.989312 0.931521 0.767714
0.989745 0.932741 0.771965
0.990172 0.933963 0.776212
0.990591 0.935186 0.780454
0.991004 0.936411 0.784691
0.991410 0.937637 0.788924
0.991810 0.938864 0.793152
0.992203 0.940093 0.797375
0.992589 0.941324 0.801595
0.992968 0.942555 0.805810
0.993340 0.943789 0.810020
0.993706 0.945023 0.814227
0.994065 0.946259 0.818430
0.994417 0.947497 0.822628
0.994762 0.948736 0.826823
0.995101 0.949976 0.831014
0.995432 0.951218 0.835201
0.995757 0.952462 0.839385
0.996074 0.953706 0.843565
0.996385 0.954952 0.847742
0.996689 0.956200 0.851915
0.996986 0.957449 0.856085
0.997276 0.958699 0.860251
0.997559 0.959951 0.864415
0.997834 0.961205 0.868575
0.998103 0.962459 0.872732
0.998365 0.963716 0.876886
0.998620 0.964973 0.881037
0.998868 0.966232 0.885185
0.999109 0.967493 0.889330
0.999342 0.968755 0.893472
0.999569 0.970018 0.897611
0.999788 0.971283 0.901748
1.000000 0.972549 0.905882
