0.094118 0.023529 0.160784
0.096751 0.024112 0.165257
0.099389 0.024700 0.169751
0.102030 0.025293 0.174267
0.104675 0.025891 0.178805
0.107324 0.026494 0.183365
0.109976 0.027103 0.187946
0.112631 0.027717 0.192549
0.115289 0.028336 0.197172
0.117950 0.028960 0.201817
0.120613 0.029590 0.206483
0.123280 0.030225 0.211169
0.125949 0.030865 0.215876
0.128620 0.031510 0.220603
0.131293 0.032161 0.225350
0.133969 0.032818 0.230118
0.136647 0.033480 0.234906
0.139326 0.034147 0.239714
0.142008 0.034820 0.244541
0.144691 0.035498 0.249388
0.147375 0.036183 0.254255
0.150061 0.036872 0.259141
0.152749 0.037568 0.264047
0.155437 0.038269 0.268972
0.158127 0.038977 0.273916
0.160818 0.039690 0.278879
0.163509 0.040410 0.283860
0.166202 0.041121 0.288861
0.168895 0.041829 0.293880
0.171588 0.042537 0.298918
0.174282 0.043244 0.303974
0.176977 0.043950 0.309049
0.179672 0.044655 0.314142
0.182367 0.045359 0.319253
0.185062 0.046063 0.324382
0.187757 0.046766 0.329529
0.190452 0.047469 0.334694
0.193146 0.048171 0.339877
0.195841 0.048874 0.345077
0.198535 0.049576 0.350295
0.201228 0.050278 0.355531
0.203922 0.050980 0.360784
0.207087 0.052031 0.365677
0.210263 0.053082 0.370580
0.213448 0.054134 0.375492
0.216642 0.055186 0.380414
0.219846 0.056238 0.385346
0.223059 0.057290 0.390287
0.226282 0.058342 0.395238
0.229514 0.059395 0.400198
0.232755 0.060447 0.405167
0.236005 0.061500 0.410146
0.239265 0.062553 0.415133
0.242534 0.063606 0.420130
0.245812 0.064660 0.425136
0.249099 0.065713 0.430150
0.252395 0.066766 0.435173
0.255701 0.067820 0.440205
0.259015 0.068873 0.445245
0.262338 0.069926 0.450294
0.265670 0.070980 0.455352
0.269011 0.072033 0.460418
0.272361 0.073086 0.465492
0.275720 0.074140 0.470575
0.279088 0.075193 0.475665
0.282464 0.076246 0.480764
0.285849 0.077299 0.485871
0.289243 0.078352 0.490986
0.292645 0.079404 0.496109
0.296056 0.080457 0.501240
0.299476 0.081509 0.506378
0.302905 0.082561 0.511525
0.306342 0.083613 0.516679
0.309787 0.084665 0.521840
0.313241 0.085716 0.527009
0.316704 0.086768 0.532186
0.320175 0.087819 0.537370
0.323654 0.088869 0.542562
0.327142 0.089920 0.547760
0.330638 0.090970 0.552966
0.334142 0.092019 0.558180
0.337655 0.093069 0.563400
0.341176 0.094118 0.568627
0.345117 0.095704 0.574562
0.349066 0.097292 0.580506
0.353024 0.098883 0.586461
0.356992 0.100476 0.592426
0.360968 0.102071 0.598400
0.364953 0.103668 0.604385
0.368947 0.105267 0.610379
0.372950 0.106868 0.616383
0.376962 0.108472 0.622397
0.380982 0.110077 0.628421
0.385012 0.111685 0.634454
0.389050 0.113294 0.640496
0.393097 0.114906 0.646548
0.397152 0.116519 0.652609
0.401216 0.118135 0.658680
0.405288 0.119753 0.664760
0.409370 0.121372 0.670849
0.413459 0.122993 0.676947
0.417557 0.124617 0.683055
0.421664 0.126242 0.689171
0.425779 0.127869 0.695296
0.429902 0.129498 0.701431
0.434034 0.131129 0.707574
0.438174 0.132762 0.713726
0.442322 0.134396 0.719887
0.446479 0.136033 0.726056
0.450644 0.137671 0.732234
0.454817 0.139311 0.738421
0.458999 0.140952 0.744616
0.463188 0.142596 0.750820
0.467386 0.144241 0.757032
0.471591 0.145888 0.763253
0.475805 0.147536 0.769481
0.480027 0.149187 0.775719
0.484257 0.150839 0.781964
0.488495 0.152492 0.788218
0.492741 0.154147 0.794480
0.496995 0.155804 0.800750
0.501257 0.157463 0.807028
0.505526 0.159123 0.813314
0.509804 0.160784 0.819608
0.513328 0.166162 0.822290
0.516858 0.171438 0.824971
0.520395 0.176621 0.827652
0.523938 0.181719 0.830333
0.527488 0.186738 0.833014
0.531043 0.191683 0.835694
0.534605 0.196562 0.838375
0.538173 0.201377 0.841054
0.541747 0.206133 0.843734
0.545326 0.210835 0.846414
0.548911 0.215486 0.849093
0.552502 0.220089 0.851772
0.556099 0.224647 0.854450
0.559701 0.229163 0.857129
0.563309 0.233639 0.859807
0.566922 0.238078 0.862486
0.570540 0.242481 0.865164
0.574164 0.246851 0.867842
0.577793 0.251189 0.870519
0.581427 0.255498 0.873197
0.585066 0.259778 0.875875
0.588710 0.264032 0.878552
0.592359 0.268260 0.881229
0.596013 0.272464 0.883906
0.599672 0.276645 0.886583
0.603336 0.280805 0.889260
0.607004 0.284943 0.891937
0.610677 0.289062 0.894614
0.614355 0.293162 0.897291
0.618037 0.297244 0.899968
0.621723 0.301309 0.902644
0.625414 0.305358 0.905321
0.629110 0.309391 0.907998
0.632809 0.313410 0.910674
0.636513 0.317414 0.913351
0.640221 0.321405 0.916028
0.643934 0.325383 0.918704
0.647650 0.329348 0.921381
0.651371 0.333302 0.924058
0.655095 0.337245 0.926735
0.658824 0.341176 0.929412
0.662618 0.349271 0.930270
0.666412 0.357265 0.931124
0.670206 0.365164 0.931973
0.674000 0.372975 0.932817
0.677792 0.380705 0.933656
0.681584 0.388359 0.934491
0.685374 0.395942 0.935321
0.689162 0.403459 0.936147
0.692949 0.410913 0.936967
0.696733 0.418310 0.937783
0.700515 0.425652 0.938595
0.704294 0.432943 0.939401
0.708070 0.440186 0.940203
0.711844 0.447383 0.941000
0.715614 0.454538 0.941793
0.719380 0.461653 0.942580
0.723143 0.468730 0.943364
0.726902 0.475772 0.944142
0.730656 0.482779 0.944916
0.734406 0.489756 0.945685
0.738152 0.496702 0.946450
0.741892 0.503620 0.947210
0.745628 0.510512 0.947965
0.749358 0.517378 0.948716
0.753083 0.524221 0.949462
0.756802 0.531041 0.950203
0.760515 0.537840 0.950940
0.764222 0.544619 0.951672
0.767922 0.551380 0.952400
0.771616 0.558122 0.953123
0.775304 0.564848 0.953842
0.778984 0.571558 0.954556
0.782657 0.578253 0.955266
0.786323 0.584934 0.955971
0.789982 0.591601 0.956672
0.793633 0.598257 0.957368
0.797276 0.604900 0.958060
0.800910 0.611533 0.958748
0.804537 0.618156 0.959431
0.808155 0.624769 0.960110
0.811765 0.631373 0.960784
0.814933 0.637663 0.961392
0.818097 0.643943 0.961993
0.821257 0.650215 0.962585
0.824413 0.656478 0.963170
0.827564 0.662732 0.963748
0.830710 0.668979 0.964318
0.833852 0.675219 0.964880
0.836989 0.681451 0.965435
0.840122 0.687678 0.965982
0.843249 0.693898 0.966521
0.846372 0.700112 0.967052
0.849489 0.706320 0.967576
0.852602 0.712524 0.968092
0.855709 0.718723 0.968600
0.858811 0.724917 0.969100
0.861907 0.731107 0.969592
0.864999 0.737293 0.970077
0.868084 0.743475 0.970554
0.871164 0.749654 0.971023
0.874239 0.755830 0.971484
0.877307 0.762003 0.971937
0.880370 0.768173 0.972382
0.883427 0.774341 0.972819
0.886477 0.780506 0.973249
0.889522 0.786670 0.973670
0.892560 0.792832 0.974083
0.895593 0.798992 0.974488
0.898619 0.805151 0.974886
0.901638 0.811309 0.975275
0.904651 0.817465 0.975656
0.907658 0.823621 0.976029
0.910658 0.829776 0.976394
0.913651 0.835931 0.976750
0.916638 0.842086 0.977099
0.919617 0.848240 0.977440
0.922590 0.854394 0.977772
0.925556 0.860548 0.978096
0.928514 0.866703 0.978412
0.931466 0.872858 0.978720
0.934410 0.879013 0.979019
0.937347 0.885170 0.979310
0.940276 0.891327 0.979593
0.943198 0.897485 0.979868
0.946113 0.903644 0.980134
0.949020 0.909804 0.980392
