0.007843 0.043137 0.101961
0.008285 0.045634 0.106080
0.008744 0.048143 0.110221
0.009220 0.050663 0.114382
0.009712 0.053196 0.118564
0.010222 0.055741 0.122767
0.010750 0.058297 0.126989
0.011296 0.060864 0.131231
0.011860 0.063443 0.135493
0.012444 0.066033 0.139773
0.013046 0.068634 0.144073
0.013667 0.071246 0.148392
0.014309 0.073869 0.152729
0.014970 0.076502 0.157084
0.015652 0.079145 0.161457
0.016354 0.081799 0.165848
0.017078 0.084463 0.170257
0.017823 0.087137 0.174683
0.018590 0.089821 0.179126
0.019379 0.092515 0.183586
0.020190 0.095218 0.188063
0.021025 0.097932 0.192557
0.021882 0.100654 0.197067
0.022763 0.103386 0.201594
0.023668 0.106128 0.206136
0.024597 0.108879 0.210694
0.025550 0.111638 0.215268
0.026528 0.114407 0.219858
0.027532 0.117185 0.224463
0.028561 0.119971 0.229084
0.029617 0.122767 0.233720
0.030698 0.125571 0.238370
0.031807 0.128383 0.243036
0.032942 0.131204 0.247716
0.034105 0.134034 0.252411
0.035295 0.136872 0.257120
0.036514 0.139718 0.261844
0.037761 0.142572 0.266581
0.039037 0.145434 0.271333
0.040342 0.148305 0.276099
0.041646 0.151183 0.280879
0.042952 0.154070 0.285672
0.044263 0.156964 0.290479
0.045578 0.159866 0.295300
0.046897 0.162776 0.300134
0.048221 0.165693 0.304981
0.049549 0.168618 0.309841
0.050881 0.171550 0.314714
0.052217 0.174490 0.319601
0.053557 0.177438 0.324500
0.054902 0.180392 0.329412
0.056316 0.183986 0.333649
0.057729 0.187591 0.337890
0.059139 0.191206 0.342137
0.060546 0.194833 0.346387
0.061951 0.198470 0.350643
0.063353 0.202117 0.354902
0.064753 0.205775 0.359166
0.066149 0.209444 0.363434
0.067543 0.213124 0.367706
0.068934 0.216814 0.371982
0.070322 0.220514 0.376262
0.071706 0.224225 0.380545
0.073087 0.227946 0.384832
0.074465 0.231677 0.389122
0.075840 0.235419 0.393416
0.077211 0.239171 0.397713
0.078579 0.242933 0.402014
0.079943 0.246706 0.406317
0.081304 0.250488 0.410624
0.082661 0.254281 0.414933
0.084014 0.258084 0.419245
0.085364 0.261896 0.423560
0.086710 0.265719 0.427877
0.088052 0.269551 0.432197
0.089390 0.273394 0.436520
0.090725 0.277246 0.440845
0.092055 0.281108 0.445172
0.093382 0.284980 0.449501
0.094704 0.288862 0.453832
0.096023 0.292753 0.458165
0.097338 0.296654 0.462500
0.098649 0.300565 0.466837
0.099956 0.304485 0.471175
0.101259 0.308414 0.475515
0.102558 0.312353 0.479857
0.103852 0.316302 0.484199
0.105143 0.320260 0.488544
0.106430 0.324227 0.492889
0.107713 0.328203 0.497236
0.108992 0.332189 0.501583
0.110268 0.336184 0.505932
0.111539 0.340189 0.510281
0.112806 0.344202 0.514632
0.114069 0.348225 0.518982
0.115329 0.352256 0.523334
0.116584 0.356297 0.527686
0.117836 0.360346 0.532039
0.119084 0.364405 0.536392
0.120328 0.368473 0.540745
0.121569 0.372549 0.545098
0.128204 0.377718 0.549773
0.134740 0.382894 0.554453
0.141190 0.388077 0.559137
0.147564 0.393266 0.563825
0.153872 0.398462 0.568518
0.160121 0.403665 0.573215
0.166317 0.408875 0.577916
0.172468 0.414091 0.582622
0.178577 0.419314 0.587332
0.184651 0.424544 0.592047
0.190691 0.429781 0.596766
0.196703 0.435024 0.601489
0.202689 0.440275 0.606217
0.208653 0.445532 0.610949
0.214596 0.450795 0.615686
0.220521 0.456066 0.620427
0.226430 0.461343 0.625173
0.232326 0.466628 0.629923
0.238209 0.471918 0.634677
0.244081 0.477216 0.639436
0.249944 0.482520 0.644200
0.255799 0.487831 0.648967
0.261648 0.493149 0.653740
0.267490 0.498474 0.658517
0.273328 0.503805 0.663298
0.279163 0.509143 0.668084
0.284994 0.514487 0.672874
0.290824 0.519839 0.677669
0.296652 0.525197 0.682469
0.302479 0.530561 0.687273
0.308306 0.535932 0.692081
0.314134 0.541310 0.696894
0.319963 0.546694 0.701712
0.325794 0.552085 0.706534
0.331627 0.557482 0.711361
0.337462 0.562886 0.716192
0.343300 0.568297 0.721028
0.349141 0.573714 0.725869
0.354987 0.579137 0.730714
0.360836 0.584567 0.735563
0.366689 0.590003 0.740418
0.372547 0.595446 0.745276
0.378410 0.600895 0.750140
0.384278 0.606350 0.755008
0.390152 0.611812 0.759881
0.396031 0.617280 0.764758
0.401916 0.622755 0.769640
0.407807 0.628235 0.774527
0.413704 0.633722 0.779418
0.419608 0.639216 0.784314
0.425423 0.643766 0.787375
0.431246 0.648316 0.790438
0.437076 0.652866 0.793504
0.442915 0.657417 0.796571
0.448762 0.661967 0.799641
0.454618 0.666517 0.802713
0.460482 0.671066 0.805788
0.466354 0.675616 0.808865
0.472236 0.680166 0.811944
0.478126 0.684716 0.815026
0.484025 0.689265 0.818111
0.489933 0.693815 0.821198
0.495850 0.698364 0.824288
0.501777 0.702914 0.827381
0.507712 0.707463 0.830477
0.513657 0.712013 0.833576
0.519612 0.716562 0.836677
0.525575 0.721111 0.839782
0.531549 0.725661 0.842890
0.537531 0.730210 0.846001
0.543524 0.734759 0.849116
0.549526 0.739308 0.852234
0.555537 0.743857 0.855355
0.561558 0.748406 0.858480
0.567589 0.752955 0.861608
0.573630 0.757504 0.864741
0.579681 0.762053 0.867876
0.585741 0.766602 0.871016
0.591811 0.771151 0.874159
0.597891 0.775700 0.877306
0.603981 0.780249 0.880458
0.610081 0.784798 0.883613
0.616190 0.789346 0.886772
0.622310 0.793895 0.889936
0.628439 0.798444 0.893104
0.634578 0.802992 0.896276
0.640727 0.807541 0.899452
0.646887 0.812089 0.902633
0.653056 0.816638 0.905819
0.659235 0.821186 0.909009
0.665423 0.825734 0.912203
0.671622 0.830283 0.915403
0.677831 0.834831 0.918607
0.684050 0.839379 0.921816
0.690278 0.843927 0.925030
0.696516 0.848475 0.928249
0.702765 0.853023 0.931473
0.709023 0.857571 0.934702
0.715291 0.862119 0.937937
0.721569 0.866667 0.941176
0.726083 0.868604 0.942299
0.730588 0.870544 0.943413
0.735084 0.872486 0.944519
0.739569 0.874430 0.945617
0.744045 0.876377 0.946706
0.748512 0.878325 0.947788
0.752969 0.880276 0.948861
0.757417 0.882229 0.949926
0.761857 0.884185 0.950983
0.766287 0.886143 0.952032
0.770708 0.888103 0.953072
0.775121 0.890065 0.954105
0.779525 0.892030 0.955130
0.783921 0.893998 0.956146
0.788308 0.895967 0.957155
0.792686 0.897939 0.958155
0.797057 0.899914 0.959148
0.801419 0.901891 0.960132
0.805773 0.903870 0.961109
0.810120 0.905852 0.962077
0.814458 0.907837 0.963038
0.818788 0.909824 0.963990
0.823110 0.911813 0.964935
0.827425 0.913806 0.965872
0.831732 0.915800 0.966801
0.836032 0.917798 0.967722
0.840323 0.919797 0.968635
0.844608 0.921800 0.969540
0.848885 0.923805 0.970438
0.853154 0.925813 0.971327
0.857416 0.927824 0.972209
0.861671 0.929837 0.973083
0.865918 0.931853 0.973950
0.870159 0.933872 0.974808
0.874392 0.935893 0.975659
0.878618 0.937918 0.976502
0.882837 0.939945 0.977338
0.887049 0.941975 0.978165
0.891254 0.944007 0.978985
0.895451 0.946043 0.979798
0.899642 0.948081 0.980603
0.903826 0.950123 0.981400
0.908004 0.952167 0.982189
0.912174 0.954214 0.982971
0.916337 0.956264 0.983746
0.920494 0.958317 0.984513
0.924644 0.960373 0.985272
0.928787 0.962432 0.986024
0.932924 0.964494 0.986769
0.937053 0.966559 0.987506
0.941177 0.968627 0.988235
