0.031373 0.568627 0.698039
0.043275 0.573855 0.702484
0.054114 0.579090 0.706929
0.063898 0.584331 0.711373
0.072918 0.589579 0.715816
0.081359 0.594834 0.720259
0.089343 0.600095 0.724702
0.096958 0.605363 0.729144
0.104268 0.610637 0.733585
0.111323 0.615918 0.738026
0.118160 0.621205 0.742466
0.124811 0.626499 0.746906
0.131299 0.631799 0.751345
0.137646 0.637106 0.755783
0.143867 0.642419 0.760220
0.149978 0.647738 0.764657
0.155991 0.653063 0.769093
0.161916 0.658395 0.773528
0.167761 0.663733 0.777962
0.173536 0.669077 0.782396
0.179246 0.674427 0.786829
0.184898 0.679783 0.791261
0.190498 0.685145 0.795692
0.196049 0.690514 0.800123
0.201557 0.695888 0.804552
0.207026 0.701268 0.808980
0.212458 0.706654 0.813408
0.217857 0.712046 0.817835
0.223226 0.717444 0.822261
0.228568 0.722848 0.826685
0.233884 0.728258 0.831109
0.239178 0.733673 0.835532
0.244451 0.739094 0.839954
0.249704 0.744520 0.844375
0.254940 0.749953 0.848795
0.260161 0.755391 0.853214
0.265367 0.760834 0.857631
0.270560 0.766283 0.862048
0.275742 0.771738 0.866464
0.280913 0.777198 0.870878
0.286074 0.782663 0.875291
0.291227 0.788134 0.879704
0.296373 0.793611 0.884115
0.301512 0.799092 0.888525
0.306645 0.804579 0.892934
0.311774 0.810072 0.897342
0.316898 0.815569 0.901748
0.322019 0.821072 0.906153
0.327137 0.826580 0.910558
0.332253 0.832093 0.914961
0.337367 0.837612 0.919362
0.342480 0.843135 0.923763
0.347593 0.848663 0.928162
0.352705 0.854197 0.932560
0.357818 0.859736 0.936957
0.362932 0.865279 0.941352
0.368047 0.870828 0.945747
0.373164 0.876381 0.950140
0.378283 0.881940 0.954531
0.383405 0.887503 0.958922
0.388529 0.893071 0.963311
0.393656 0.898644 0.967699
0.398787 0.904221 0.972085
0.403922 0.909804 0.976470
0.417887 0.910553 0.979594
0.431476 0.911303 0.982609
0.444725 0.912056 0.985516
0.457662 0.912811 0.988316
0.470311 0.913570 0.991008
0.482696 0.914333 0.993594
0.494835 0.915101 0.996074
0.506744 0.915873 0.998448
0.518438 0.916651 1.000000
0.529931 0.917435 1.000000
0.541233 0.918226 1.000000
0.552356 0.919023 1.000000
0.563307 0.919829 1.000000
0.574097 0.920642 1.000000
0.584732 0.921464 1.000000
0.595218 0.922295 1.000000
0.605563 0.923135 1.000000
0.615771 0.923986 1.000000
0.625847 0.924847 1.000000
0.635797 0.925719 1.000000
0.645624 0.926603 1.000000
0.655333 0.927499 1.000000
0.664926 0.928408 1.000000
0.674407 0.929329 1.000000
0.683779 0.930264 1.000000
0.693044 0.931213 1.000000
0.702205 0.932177 1.000000
0.711264 0.933155 1.000000
0.720223 0.934149 1.000000
0.729085 0.935159 1.000000
0.737850 0.936185 1.000000
0.746520 0.937228 1.000000
0.755098 0.938288 1.000000
0.763583 0.939366 1.000000
0.771978 0.940462 1.000000
0.780283 0.941577 1.000000
0.788499 0.942712 1.000000
0.796628 0.943865 1.000000
0.804670 0.945039 1.000000
0.812625 0.946234 1.000000
0.820495 0.947449 1.000000
0.828279 0.948686 1.000000
0.835980 0.949944 1.000000
0.843596 0.951226 1.000000
0.851128 0.952529 1.000000
0.858577 0.953857 1.000000
0.865943 0.955207 1.000000
0.873226 0.956582 1.000000
0.880426 0.957982 1.000000
0.887544 0.959406 1.000000
0.894579 0.960856 1.000000
0.901531 0.962332 1.000000
0.908402 0.963834 1.000000
0.915189 0.965363 1.000000
0.921895 0.966918 1.000000
0.928517 0.968502 1.000000
0.935057 0.970113 1.000000
0.941514 0.971753 0.998569
0.947888 0.973422 0.996614
0.954179 0.975120 0.994601
0.960386 0.976847 0.992533
0.966510 0.978604 0.990411
0.972549 0.980392 0.988235
0.966522 0.977728 0.990155
0.960890 0.974891 0.992173
0.955677 0.971879 0.994255
0.950906 0.968690 0.996361
0.946596 0.965323 0.998455
0.942764 0.961777 1.000000
0.939424 0.958054 1.000000
0.936586 0.954154 1.000000
0.934258 0.950081 1.000000
0.932443 0.945837 1.000000
0.931141 0.941426 1.000000
0.930350 0.936853 1.000000
0.930064 0.932123 1.000000
0.930272 0.927242 1.000000
0.930961 0.922217 1.000000
0.932117 0.917055 1.000000
0.933720 0.911764 1.000000
0.935749 0.906353 1.000000
0.938181 0.900831 1.000000
0.940991 0.895207 1.000000
0.944151 0.889492 1.000000
0.947632 0.883696 0.999136
0.951404 0.877830 0.995484
0.955436 0.871905 0.991287
0.959695 0.865934 0.986531
0.964150 0.859928 0.981206
0.968767 0.853899 0.975304
0.973512 0.847860 0.968817
0.978353 0.841824 0.961741
0.983255 0.835804 0.954073
0.988186 0.829813 0.945813
0.993113 0.823863 0.936961
0.998002 0.817970 0.927523
1.000000 0.812145 0.917501
1.000000 0.806404 0.906905
1.000000 0.800759 0.895742
1.000000 0.795224 0.884024
1.000000 0.789813 0.871763
1.000000 0.784539 0.858973
1.000000 0.779417 0.845672
1.000000 0.774459 0.831875
1.000000 0.769680 0.817602
1.000000 0.765093 0.802873
1.000000 0.760710 0.787710
1.000000 0.756544 0.772137
1.000000 0.752608 0.756177
1.000000 0.748913 0.739856
1.000000 0.745472 0.723200
1.000000 0.742295 0.706238
1.000000 0.739393 0.688996
1.000000 0.736774 0.671506
1.000000 0.734448 0.653798
1.000000 0.732421 0.635904
1.000000 0.730701 0.617856
1.000000 0.729292 0.599690
1.000000 0.728199 0.581441
1.000000 0.727424 0.563148
1.000000 0.726969 0.544849
1.000000 0.726832 0.526589
1.000000 0.727013 0.508411
1.000000 0.727507 0.490368
1.000000 0.728309 0.472511
0.992157 0.729412 0.454902
0.991270 0.724016 0.447994
0.990382 0.718602 0.441106
0.989494 0.713172 0.434238
0.988604 0.707724 0.427391
0.987712 0.702259 0.420564
0.986818 0.696777 0.413758
0.985922 0.691277 0.406972
0.985021 0.685759 0.400208
0.984117 0.680224 0.393464
0.983208 0.674670 0.386740
0.982294 0.669099 0.380038
0.981375 0.663510 0.373356
0.980450 0.657902 0.366694
0.979518 0.652276 0.360054
0.978580 0.646631 0.353434
0.977634 0.640968 0.346834
0.976681 0.635286 0.340256
0.975719 0.629584 0.333697
0.974748 0.623863 0.327159
0.973769 0.618123 0.320640
0.972780 0.612362 0.314142
0.971780 0.606582 0.307664
0.970770 0.600781 0.301205
0.969750 0.594960 0.294765
0.968718 0.589118 0.288344
0.967674 0.583254 0.281942
0.966619 0.577369 0.275559
0.965551 0.571462 0.269194
0.964470 0.565533 0.262846
0.963375 0.559580 0.256515
0.962267 0.553605 0.250202
0.961145 0.547606 0.243904
0.960009 0.541582 0.237622
0.958858 0.535534 0.231355
0.957692 0.529461 0.225103
0.956510 0.523362 0.218864
0.955313 0.517237 0.212637
0.954100 0.511084 0.206423
0.952870 0.504903 0.200219
0.951623 0.498694 0.194024
0.950359 0.492455 0.187838
0.949078 0.486186 0.181659
0.947779 0.479886 0.175485
0.946462 0.473554 0.169314
0.945127 0.467188 0.163145
0.943773 0.460788 0.156976
0.942400 0.454352 0.150804
0.941008 0.447879 0.144625
0.939596 0.441368 0.138438
0.938165 0.434817 0.132239
0.936714 0.428225 0.126023
0.935242 0.421590 0.119785
0.933750 0.414909 0.113521
0.932237 0.408182 0.107223
0.930704 0.401405 0.100885
0.929148 0.394577 0.094497
0.927572 0.387696 0.088048
0.925973 0.380757 0.081526
0.924353 0.373758 0.074914
0.922710 0.366697 0.068191
0.921045 0.359569 0.061332
0.919358 0.352371 0.054303
0.917647 0.345098 0.047058
