0.066667 0.066667 0.066667
0.069128 0.069128 0.069128
0.071599 0.071599 0.071599
0.074080 0.074080 0.074080
0.076570 0.076570 0.076570
0.079070 0.079070 0.079070
0.081579 0.081579 0.081579
0.084098 0.084098 0.084098
0.086625 0.086625 0.086625
0.089162 0.089162 0.089162
0.091707 0.091707 0.091707
0.094262 0.094262 0.094262
0.096825 0.096825 0.096825
0.099397 0.099397 0.099397
0.101978 0.101978 0.101978
0.104567 0.104567 0.104567
0.107164 0.107164 0.107164
0.109770 0.109770 0.109770
0.112384 0.112384 0.112384
0.115006 0.115006 0.115006
0.117637 0.117637 0.117637
0.120275 0.120275 0.120275
0.122921 0.122921 0.122921
0.125576 0.125576 0.125576
0.128238 0.128238 0.128238
0.130908 0.130908 0.130908
0.133585 0.133585 0.133585
0.136270 0.136270 0.136270
0.138963 0.138963 0.138963
0.141663 0.141663 0.141663
0.144371 0.144371 0.144371
0.147086 0.147086 0.147086
0.149808 0.149808 0.149808
0.152538 0.152538 0.152538
0.155275 0.155275 0.155275
0.158019 0.158019 0.158019
0.160770 0.160770 0.160770
0.163528 0.163528 0.163528
0.166293 0.166293 0.166293
0.169065 0.169065 0.169065
0.171844 0.171844 0.171844
0.174630 0.174630 0.174630
0.177422 0.177422 0.177422
0.180221 0.180221 0.180221
0.183027 0.183027 0.183027
0.185840 0.185840 0.185840
0.188659 0.188659 0.188659
0.191484 0.191484 0.191484
0.194316 0.194316 0.194316
0.197155 0.197155 0.197155
0.200000 0.200000 0.200000
0.202553 0.202553 0.202553
0.205110 0.205110 0.205110
0.207673 0.207673 0.207673
0.210241 0.210241 0.210241
0.212814 0.212813 0.212813
0.215391 0.215391 0.215391
0.217974 0.217974 0.217974
0.220561 0.220561 0.220561
0.223154 0.223154 0.223154
0.225751 0.225751 0.225751
0.228353 0.228353 0.228353
0.230960 0.230960 0.230960
0.233571 0.233571 0.233571
0.236188 0.236188 0.236187
0.238809 0.238809 0.238808
0.241434 0.241434 0.241434
0.244065 0.244065 0.244065
0.246700 0.246700 0.246700
0.249339 0.249339 0.249339
0.251983 0.251983 0.251983
0.254632 0.254632 0.254632
0.257285 0.257285 0.257285
0.259943 0.259943 0.259943
0.262606 0.262605 0.262605
0.265272 0.265272 0.265272
0.267943 0.267943 0.267943
0.270619 0.270619 0.270619
0.273299 0.273299 0.273299
0.275984 0.275984 0.275984
0.278672 0.278672 0.278672
0.281366 0.281366 0.281366
0.284063 0.284063 0.284063
0.286765 0.286765 0.286765
0.289471 0.289471 0.289471
0.292181 0.292181 0.292181
0.294896 0.294896 0.294896
0.297614 0.297614 0.297614
0.300337 0.300337 0.300337
0.303064 0.303064 0.303064
0.305796 0.305796 0.305796
0.308531 0.308531 0.308531
0.311271 0.311271 0.311271
0.314014 0.314014 0.314014
0.316762 0.316762 0.316762
0.319514 0.319514 0.319514
0.322270 0.322270 0.322270
0.325030 0.325030 0.325030
0.327794 0.327794 0.327794
0.330561 0.330561 0.330561
0.333333 0.333333 0.333333
0.337164 0.337164 0.337164
0.341003 0.341003 0.341003
0.344849 0.344849 0.344849
0.348703 0.348703 0.348703
0.352563 0.352563 0.352563
0.356432 0.356432 0.356432
0.360307 0.360307 0.360307
0.364190 0.364190 0.364190
0.368080 0.368080 0.368080
0.371977 0.371977 0.371977
0.375881 0.375881 0.375881
0.379792 0.379792 0.379792
0.383711 0.383711 0.383710
0.387636 0.387636 0.387636
0.391568 0.391568 0.391568
0.395507 0.395507 0.395507
0.399454 0.399454 0.399454
0.403407 0.403407 0.403407
0.407367 0.407367 0.407366
0.411333 0.411333 0.411333
0.415307 0.415307 0.415307
0.419287 0.419287 0.419287
0.423274 0.423274 0.423274
0.427267 0.427267 0.427267
0.431267 0.431267 0.431267
0.435274 0.435274 0.435274
0.439287 0.439287 0.439287
0.443307 0.443307 0.443307
0.447333 0.447333 0.447333
0.451366 0.451366 0.451366
0.455405 0.455405 0.455405
0.459451 0.459451 0.459451
0.463503 0.463503 0.463503
0.467561 0.467561 0.467561
0.471626 0.471626 0.471626
0.475697 0.475697 0.475696
0.479774 0.479774 0.479774
0.483857 0.483857 0.483857
0.487947 0.487947 0.487947
0.492042 0.492042 0.492042
0.496144 0.496144 0.496144
0.500252 0.500252 0.500252
0.504366 0.504366 0.504366
0.508487 0.508487 0.508487
0.512613 0.512613 0.512613
0.516745 0.516745 0.516745
0.520883 0.520883 0.520883
0.525027 0.525027 0.525027
0.529177 0.529177 0.529177
0.533333 0.533333 0.533333
0.537216 0.537216 0.537215
0.541103 0.541103 0.541103
0.544995 0.544995 0.544995
0.548893 0.548893 0.548893
0.552795 0.552795 0.552795
0.556703 0.556703 0.556703
0.560615 0.560615 0.560615
0.564533 0.564533 0.564533
0.568455 0.568455 0.568455
0.572383 0.572383 0.572382
0.576315 0.576315 0.576315
0.580252 0.580252 0.580252
0.584194 0.584194 0.584194
0.588141 0.588141 0.588141
0.592093 0.592093 0.592093
0.596050 0.596050 0.596050
0.600011 0.600011 0.600011
0.603977 0.603977 0.603977
0.607948 0.607948 0.607948
0.611924 0.611924 0.611924
0.615905 0.615905 0.615905
0.619890 0.619890 0.619890
0.623880 0.623880 0.623880
0.627875 0.627875 0.627875
0.631874 0.631874 0.631874
0.635878 0.635878 0.635878
0.639887 0.639887 0.639887
0.643900 0.643900 0.643900
0.647918 0.647918 0.647918
0.651941 0.651941 0.651940
0.655968 0.655968 0.655968
0.659999 0.659999 0.659999
0.664036 0.664036 0.664035
0.668076 0.668076 0.668076
0.672122 0.672122 0.672121
0.676171 0.676171 0.676171
0.680226 0.680226 0.680226
0.684284 0.684284 0.684284
0.688348 0.688348 0.688348
0.692415 0.692415 0.692415
0.696487 0.696487 0.696487
0.700564 0.700564 0.700564
0.704645 0.704645 0.704645
0.708730 0.708730 0.708730
0.712820 0.712820 0.712820
0.716914 0.716914 0.716914
0.721012 0.721012 0.721012
0.725115 0.725115 0.725115
0.729222 0.729222 0.729222
0.733333 0.733333 0.733333
0.737166 0.737166 0.737166
0.741003 0.741003 0.741003
0.744843 0.744843 0.744843
0.748687 0.748687 0.748687
0.752534 0.752534 0.752534
0.756386 0.756386 0.756386
0.760241 0.760241 0.760241
0.764099 0.764099 0.764099
0.767961 0.767961 0.767961
0.771827 0.771827 0.771827
0.775697 0.775697 0.775697
0.779570 0.779570 0.779570
0.783447 0.783447 0.783446
0.787327 0.787327 0.787327
0.791211 0.791211 0.791211
0.795098 0.795098 0.795098
0.798989 0.798989 0.798989
0.802884 0.802884 0.802883
0.806782 0.806782 0.806782
0.810683 0.810683 0.810683
0.814588 0.814588 0.814588
0.818497 0.818497 0.818497
0.822409 0.822409 0.822409
0.826325 0.826325 0.826325
0.830244 0.830244 0.830244
0.834166 0.834166 0.834166
0.838092 0.838092 0.838092
0.842022 0.842022 0.842022
0.845955 0.845955 0.845955
0.849891 0.849891 0.849891
0.853831 0.853831 0.853831
0.857774 0.857774 0.857774
0.861721 0.861721 0.861721
0.865671 0.865671 0.865671
0.869624 0.869624 0.869624
0.873581 0.873581 0.873581
0.877541 0.877541 0.877541
0.881505 0.881505 0.881505
0.885472 0.885472 0.885472
0.889442 0.889442 0.889442
0.893416 0.893415 0.893415
0.897392 0.897392 0.897392
0.901373 0.901373 0.901373
0.905356 0.905356 0.905356
0.909343 0.909343 0.909343
0.913333 0.913333 0.913333
0.917327 0.917327 0.917327
0.921324 0.921323 0.921323
0.925324 0.925323 0.925323
0.929327 0.929327 0.929327
0.933333 0.933333 0.933333
