0.031373 0.090196 0.211765
0.032627 0.092258 0.215392
0.033917 0.094325 0.219029
0.035241 0.096397 0.222676
0.036600 0.098474 0.226333
0.037995 0.100557 0.229999
0.039427 0.102645 0.233675
0.040887 0.104738 0.237360
0.042343 0.106836 0.241054
0.043804 0.108939 0.244758
0.045272 0.111046 0.248471
0.046745 0.113159 0.252193
0.048224 0.115277 0.255924
0.049708 0.117399 0.259665
0.051199 0.119527 0.263414
0.052695 0.121659 0.267172
0.054196 0.123795 0.270939
0.055703 0.125937 0.274714
0.057216 0.128083 0.278499
0.058734 0.130233 0.282291
0.060258 0.132389 0.286093
0.061788 0.134548 0.289903
0.063323 0.136713 0.293722
0.064863 0.138881 0.297549
0.066409 0.141054 0.301384
0.067960 0.143232 0.305227
0.069517 0.145413 0.309079
0.071079 0.147599 0.312939
0.072647 0.149790 0.316808
0.074220 0.151984 0.320684
0.075798 0.154183 0.324568
0.077382 0.156386 0.328461
0.078971 0.158593 0.332361
0.080566 0.160805 0.336269
0.082166 0.163020 0.340185
0.083771 0.165239 0.344109
0.085381 0.167463 0.348040
0.086996 0.169690 0.351980
0.088617 0.171922 0.355927
0.090243 0.174157 0.359881
0.091875 0.176396 0.363843
0.093511 0.178639 0.367813
0.095153 0.180886 0.371790
0.096800 0.183137 0.375775
0.098452 0.185392 0.379767
0.100109 0.187650 0.383766
0.101771 0.189912 0.387773
0.103439 0.192178 0.391787
0.105111 0.194448 0.395808
0.106789 0.196721 0.399837
0.108471 0.198998 0.403873
0.110159 0.201279 0.407915
0.111852 0.203563 0.411965
0.113550 0.205851 0.416022
0.115253 0.208142 0.420086
0.116961 0.210437 0.424157
0.118674 0.212735 0.428235
0.120392 0.215037 0.432320
0.122115 0.217343 0.436411
0.123843 0.219651 0.440510
0.125576 0.221964 0.444615
0.127313 0.224279 0.448727
0.129056 0.226598 0.452846
0.130804 0.228920 0.456971
0.132557 0.231246 0.461103
0.134314 0.233575 0.465242
0.136077 0.235908 0.469387
0.137844 0.238243 0.473539
0.139616 0.240582 0.477698
0.141393 0.242924 0.481863
0.143175 0.245269 0.486034
0.144962 0.247618 0.490212
0.146754 0.249970 0.494396
0.148550 0.252324 0.498587
0.150351 0.254682 0.502784
0.152157 0.257044 0.506988
0.153968 0.259408 0.511197
0.155784 0.261775 0.515413
0.157605 0.264145 0.519635
0.159430 0.266519 0.523864
0.161260 0.268895 0.528098
0.163095 0.271275 0.532339
0.164934 0.273657 0.536586
0.166778 0.276043 0.540839
0.168627 0.278431 0.545098
0.164768 0.284064 0.548674
0.160738 0.289696 0.552166
0.156531 0.295325 0.555575
0.152137 0.300952 0.558900
0.147544 0.306577 0.562142
0.142742 0.312199 0.565300
0.137716 0.317817 0.568374
0.132448 0.323431 0.571365
0.126920 0.329040 0.574272
0.121107 0.334645 0.577096
0.114980 0.340245 0.579837
0.108502 0.345838 0.582496
0.101629 0.351425 0.585072
0.094301 0.357005 0.587565
0.086439 0.362578 0.589977
0.077935 0.368143 0.592307
0.068635 0.373699 0.594556
0.058301 0.379246 0.596724
0.046545 0.384783 0.598812
0.032954 0.390311 0.600820
0.019144 0.395827 0.602749
0.005527 0.401333 0.604599
0.000000 0.406784 0.605079
0.000000 0.412165 0.604757
0.000000 0.417501 0.604567
0.000000 0.422799 0.604495
0.000000 0.428062 0.604530
0.000000 0.433294 0.604661
0.000000 0.438500 0.604878
0.000000 0.443682 0.605172
0.000000 0.448843 0.605536
0.000000 0.453985 0.605960
0.000000 0.459112 0.606440
0.000000 0.464224 0.606968
0.000000 0.469324 0.607537
0.000000 0.474414 0.608144
0.000000 0.479495 0.608781
0.000000 0.484569 0.609445
0.000000 0.489636 0.610131
0.000000 0.494699 0.610833
0.000000 0.499757 0.611548
0.000000 0.504813 0.612272
0.000000 0.509867 0.613000
0.000000 0.514920 0.613730
0.000000 0.519973 0.614456
0.000000 0.525027 0.615176
0.000000 0.530082 0.615886
0.000000 0.535139 0.616583
0.000000 0.540199 0.617262
0.000000 0.545263 0.617921
0.000000 0.550330 0.618556
0.000000 0.555402 0.619164
0.000000 0.560479 0.619742
0.000000 0.565562 0.620285
0.000000 0.570651 0.620791
0.000000 0.575746 0.621257
0.000000 0.580849 0.621677
0.000000 0.585959 0.622050
0.000000 0.591078 0.622371
0.000000 0.596205 0.622636
0.000000 0.601341 0.622842
0.000000 0.606486 0.622985
0.016697 0.611275 0.622575
0.041838 0.615887 0.621921
0.064089 0.620470 0.621234
0.082706 0.625024 0.620515
0.099248 0.629550 0.619765
0.114436 0.634047 0.618986
0.128667 0.638514 0.618180
0.142188 0.642952 0.617348
0.155162 0.647361 0.616492
0.167702 0.651740 0.615613
0.179892 0.656089 0.614713
0.191794 0.660409 0.613794
0.203455 0.664699 0.612857
0.214913 0.668959 0.611904
0.226199 0.673189 0.610938
0.237336 0.677389 0.609958
0.248345 0.681559 0.608968
0.259243 0.685699 0.607969
0.270042 0.689809 0.606963
0.280755 0.693890 0.605952
0.291392 0.697940 0.604938
0.301961 0.701961 0.603921
0.309871 0.705006 0.606048
0.317660 0.708051 0.608190
0.325338 0.711094 0.610348
0.332911 0.714136 0.612521
0.340387 0.717177 0.614710
0.347773 0.720217 0.616915
0.355074 0.723256 0.619136
0.362295 0.726294 0.621373
0.369440 0.729332 0.623626
0.376515 0.732368 0.625896
0.383524 0.735403 0.628182
0.390469 0.738438 0.630484
0.397354 0.741472 0.632803
0.404182 0.744506 0.635138
0.410957 0.747538 0.637490
0.417680 0.750570 0.639859
0.424354 0.753602 0.642245
0.430982 0.756633 0.644647
0.437565 0.759663 0.647067
0.444105 0.762693 0.649504
0.450605 0.765723 0.651958
0.457066 0.768752 0.654429
0.463489 0.771781 0.656918
0.469876 0.774810 0.659424
0.476228 0.777838 0.661947
0.482547 0.780867 0.664488
0.488835 0.783895 0.667047
0.495091 0.786923 0.669623
0.501317 0.789951 0.672217
0.507515 0.792979 0.674829
0.513684 0.796007 0.677458
0.519827 0.799035 0.680106
0.525944 0.802063 0.682771
0.532035 0.805091 0.685455
0.538102 0.808120 0.688157
0.544145 0.811149 0.690876
0.550165 0.814178 0.693614
0.556163 0.817207 0.696371
0.562138 0.820237 0.699145
0.568093 0.823267 0.701938
0.574026 0.826298 0.704749
0.579940 0.829329 0.707579
0.585834 0.832360 0.710427
0.591708 0.835393 0.713294
0.597564 0.838426 0.716179
0.603402 0.841459 0.719083
0.609221 0.844494 0.722005
0.615023 0.847529 0.724946
0.620808 0.850565 0.727906
0.626576 0.853602 0.730885
0.632327 0.856639 0.733882
0.638062 0.859678 0.736898
0.643782 0.862718 0.739933
0.649485 0.865758 0.742986
0.655174 0.868800 0.746059
0.660847 0.871843 0.749150
0.666505 0.874887 0.752260
0.672149 0.877933 0.755390
0.677778 0.880979 0.758538
0.683394 0.884027 0.761705
0.688995 0.887077 0.764891
0.694582 0.890127 0.768096
0.700156 0.893179 0.771320
0.705716 0.896233 0.774563
0.711263 0.899288 0.777825
0.716797 0.902345 0.781106
0.722318 0.905403 0.784406
0.727826 0.908463 0.787725
0.733322 0.911525 0.791063
0.738805 0.914589 0.794420
0.744275 0.917654 0.797796
0.749733 0.920721 0.801191
0.755179 0.923790 0.804606
0.760613 0.926861 0.808039
0.766035 0.929934 0.811491
0.771444 0.933010 0.814963
0.776842 0.936087 0.818453
0.782228 0.939166 0.821962
0.787603 0.942247 0.825491
0.792966 0.945331 0.829038
0.798317 0.948417 0.832604
0.803657 0.951505 0.836189
0.808985 0.954596 0.839794
0.814302 0.957689 0.843417
0.819608 0.960784 0.847059
