0.109804 0.023529 0.043137
0.112868 0.024129 0.044305
0.115943 0.024737 0.045463
0.119030 0.025351 0.046611
0.122128 0.025973 0.047748
0.125238 0.026602 0.048874
0.128359 0.027239 0.049990
0.131491 0.027883 0.051095
0.134634 0.028535 0.052189
0.137788 0.029194 0.053271
0.140953 0.029860 0.054342
0.144129 0.030534 0.055402
0.147315 0.031216 0.056449
0.150512 0.031905 0.057485
0.153719 0.032602 0.058509
0.156936 0.033306 0.059520
0.160164 0.034018 0.060520
0.163402 0.034739 0.061506
0.166649 0.035467 0.062480
0.169907 0.036202 0.063441
0.173174 0.036946 0.064389
0.176451 0.037698 0.065324
0.179738 0.038458 0.066245
0.183034 0.039226 0.067153
0.186339 0.040003 0.068047
0.189654 0.040781 0.068928
0.192978 0.041553 0.069794
0.196311 0.042325 0.070646
0.199653 0.043096 0.071483
0.203004 0.043867 0.072307
0.206364 0.044638 0.073115
0.209732 0.045408 0.073908
0.213109 0.046179 0.074687
0.216494 0.046950 0.075450
0.219888 0.047721 0.076197
0.223291 0.048493 0.076929
0.226701 0.049265 0.077646
0.230120 0.050037 0.078346
0.233547 0.050810 0.079029
0.236981 0.051583 0.079697
0.240424 0.052358 0.080348
0.243874 0.053133 0.080982
0.247332 0.053908 0.081599
0.250798 0.054685 0.082198
0.254271 0.055463 0.082780
0.257751 0.056243 0.083345
0.261239 0.057023 0.083891
0.264734 0.057805 0.084420
0.268237 0.058588 0.084930
0.271746 0.059373 0.085421
0.275262 0.060160 0.085894
0.278785 0.060949 0.086347
0.282315 0.061739 0.086781
0.285852 0.062531 0.087196
0.289395 0.063326 0.087590
0.292945 0.064122 0.087965
0.296501 0.064921 0.088318
0.300064 0.065723 0.088651
0.303633 0.066527 0.088963
0.307208 0.067333 0.089254
0.310789 0.068143 0.089523
0.314376 0.068955 0.089770
0.317970 0.069770 0.089994
0.321569 0.070588 0.090196
0.325804 0.072252 0.090977
0.330047 0.073923 0.091739
0.334298 0.075602 0.092482
0.338558 0.077289 0.093206
0.342825 0.078984 0.093910
0.347100 0.080687 0.094595
0.351382 0.082398 0.095259
0.355672 0.084116 0.095903
0.359970 0.085843 0.096526
0.364274 0.087578 0.097128
0.368586 0.089321 0.097709
0.372905 0.091072 0.098269
0.377231 0.092831 0.098806
0.381564 0.094598 0.099322
0.385903 0.096374 0.099815
0.390249 0.098158 0.100285
0.394602 0.099950 0.100731
0.398961 0.101751 0.101154
0.403326 0.103560 0.101554
0.407697 0.105378 0.101929
0.412075 0.107204 0.102279
0.416458 0.109039 0.102604
0.420847 0.110882 0.102903
0.425242 0.112734 0.103177
0.429643 0.114595 0.103424
0.434049 0.116464 0.103645
0.438460 0.118342 0.103838
0.442877 0.120229 0.104003
0.447299 0.122125 0.104140
0.451726 0.124030 0.104248
0.456159 0.125944 0.104327
0.460596 0.127866 0.104376
0.465037 0.129798 0.104394
0.469484 0.131739 0.104381
0.473935 0.133689 0.104337
0.478390 0.135648 0.104260
0.482850 0.137616 0.104150
0.487314 0.139594 0.104006
0.491782 0.141581 0.103827
0.496255 0.143577 0.103613
0.500731 0.145582 0.103363
0.505211 0.147597 0.103076
0.509695 0.149622 0.102751
0.514182 0.151656 0.102387
0.518673 0.153699 0.101983
0.523168 0.155752 0.101538
0.527666 0.157815 0.101051
0.532167 0.159887 0.100520
0.536671 0.161969 0.099945
0.541178 0.164061 0.099324
0.545688 0.166162 0.098656
0.550201 0.168273 0.097939
0.554717 0.170395 0.097172
0.559235 0.172526 0.096352
0.563755 0.174667 0.095478
0.568279 0.176818 0.094549
0.572804 0.178979 0.093561
0.577332 0.181150 0.092513
0.581862 0.183331 0.091402
0.586393 0.185522 0.090226
0.590927 0.187723 0.088982
0.595463 0.189935 0.087665
0.600000 0.192157 0.086274
0.604014 0.195478 0.086823
0.608028 0.198799 0.087366
0.612041 0.202120 0.087902
0.616055 0.205442 0.088432
0.620069 0.208765 0.088956
0.624082 0.212089 0.089473
0.628095 0.215414 0.089985
0.632108 0.218740 0.090490
0.636121 0.222069 0.090988
0.640133 0.225399 0.091481
0.644145 0.228732 0.091968
0.648156 0.232067 0.092448
0.652167 0.235405 0.092922
0.656177 0.238745 0.093390
0.660187 0.242088 0.093852
0.664196 0.245434 0.094308
0.668204 0.248784 0.094758
0.672212 0.252136 0.095202
0.676218 0.255492 0.095640
0.680224 0.258852 0.096072
0.684229 0.262215 0.096499
0.688233 0.265582 0.096919
0.692236 0.268953 0.097333
0.696238 0.272328 0.097742
0.700239 0.275707 0.098145
0.704239 0.279090 0.098542
0.708237 0.282478 0.098933
0.712234 0.285870 0.099319
0.716230 0.289266 0.099700
0.720225 0.292667 0.100074
0.724218 0.296073 0.100444
0.728210 0.299483 0.100808
0.732200 0.302898 0.101166
0.736189 0.306318 0.101519
0.740176 0.309743 0.101867
0.744161 0.313173 0.102210
0.748145 0.316608 0.102548
0.752127 0.320048 0.102881
0.756108 0.323493 0.103208
0.760086 0.326943 0.103531
0.764063 0.330399 0.103849
0.768038 0.333860 0.104162
0.772010 0.337326 0.104471
0.775981 0.340798 0.104774
0.779950 0.344275 0.105074
0.783917 0.347758 0.105369
0.787881 0.351246 0.105659
0.791843 0.354740 0.105946
0.795803 0.358239 0.106228
0.799761 0.361745 0.106506
0.803716 0.365256 0.106780
0.807669 0.368772 0.107051
0.811620 0.372295 0.107317
0.815568 0.375823 0.107580
0.819513 0.379357 0.107840
0.823456 0.382897 0.108096
0.827396 0.386443 0.108349
0.831334 0.389994 0.108598
0.835269 0.393552 0.108845
0.839201 0.397116 0.109089
0.843130 0.400686 0.109330
0.847057 0.404261 0.109568
0.850980 0.407843 0.109804
0.852969 0.412770 0.110341
0.854938 0.417691 0.110991
0.856886 0.422606 0.111754
0.858815 0.427515 0.112631
0.860723 0.432419 0.113622
0.862611 0.437317 0.114727
0.864479 0.442210 0.115946
0.866328 0.447098 0.117278
0.868157 0.451981 0.118723
0.869966 0.456859 0.120279
0.871755 0.461733 0.121945
0.873526 0.466602 0.123720
0.875277 0.471466 0.125602
0.877008 0.476327 0.127588
0.878721 0.481183 0.129678
0.880414 0.486035 0.131868
0.882089 0.490882 0.134156
0.883745 0.495726 0.136541
0.885382 0.500566 0.139019
0.887000 0.505402 0.141589
0.888601 0.510234 0.144247
0.890182 0.515062 0.146992
0.891746 0.519886 0.149820
0.893292 0.524707 0.152730
0.894819 0.529524 0.155719
0.896329 0.534338 0.158785
0.897821 0.539147 0.161924
0.899296 0.543954 0.165136
0.900753 0.548756 0.168417
0.902193 0.553555 0.171766
0.903616 0.558350 0.175180
0.905022 0.563142 0.178658
0.906412 0.567930 0.182197
0.907784 0.572715 0.185796
0.909140 0.577496 0.189453
0.910480 0.582273 0.193165
0.911804 0.587046 0.196932
0.913112 0.591817 0.200752
0.914404 0.596583 0.204622
0.915681 0.601346 0.208543
0.916942 0.606105 0.212511
0.918187 0.610860 0.216527
0.919418 0.615611 0.220588
0.920634 0.620359 0.224693
0.921835 0.625103 0.228842
0.923022 0.629843 0.233033
0.924194 0.634580 0.237264
0.925352 0.639312 0.241535
0.926496 0.644040 0.245846
0.927627 0.648765 0.250194
0.928744 0.653485 0.254579
0.929848 0.658202 0.259000
0.930939 0.662914 0.263457
0.932017 0.667622 0.267948
0.933082 0.672326 0.272473
0.934135 0.677026 0.277030
0.935175 0.681722 0.281621
0.936204 0.686413 0.286242
0.937221 0.691100 0.290895
0.938227 0.695783 0.295578
0.939221 0.700461 0.300291
0.940204 0.705135 0.305033
0.941176 0.709804 0.309804
