0.113726 0.207843 0.341176
0.116017 0.211885 0.345481
0.118315 0.215938 0.349788
0.120619 0.220002 0.354100
0.122930 0.224078 0.358414
0.125248 0.228164 0.362732
0.127571 0.232262 0.367053
0.129901 0.236371 0.371378
0.132238 0.240491 0.375705
0.134580 0.244621 0.380035
0.136929 0.248763 0.384368
0.139284 0.252915 0.388704
0.141645 0.257079 0.393042
0.144013 0.261252 0.397383
0.146386 0.265437 0.401726
0.148766 0.269632 0.406071
0.151152 0.273838 0.410419
0.153544 0.278054 0.414769
0.155942 0.282280 0.419121
0.158346 0.286517 0.423475
0.160757 0.290764 0.427830
0.163174 0.295021 0.432188
0.165597 0.299289 0.436547
0.168026 0.303567 0.440908
0.170461 0.307854 0.445270
0.172902 0.312152 0.449634
0.175350 0.316460 0.453999
0.177804 0.320778 0.458365
0.180264 0.325105 0.462732
0.182731 0.329442 0.467101
0.185203 0.333789 0.471470
0.187683 0.338146 0.475840
0.190168 0.342512 0.480211
0.192660 0.346888 0.484583
0.195158 0.351274 0.488956
0.197663 0.355669 0.493329
0.200174 0.360073 0.497702
0.202692 0.364487 0.502076
0.205216 0.368909 0.506451
0.207747 0.373342 0.510825
0.210285 0.377783 0.515200
0.212829 0.382234 0.519575
0.215380 0.386693 0.523949
0.217938 0.391162 0.528324
0.220502 0.395639 0.532698
0.223074 0.400126 0.537073
0.225652 0.404621 0.541447
0.228237 0.409126 0.545820
0.230829 0.413639 0.550193
0.233429 0.418160 0.554566
0.236035 0.422691 0.558938
0.238648 0.427230 0.563309
0.241269 0.431778 0.567680
0.243897 0.436334 0.572050
0.246532 0.440898 0.576419
0.249175 0.445471 0.580786
0.251825 0.450053 0.585153
0.254482 0.454643 0.589519
0.257148 0.459241 0.593884
0.259820 0.463847 0.598247
0.262501 0.468461 0.602609
0.265189 0.473084 0.606969
0.267885 0.477714 0.611329
0.270588 0.482353 0.615686
0.275863 0.491376 0.619386
0.281500 0.500356 0.623011
0.287494 0.509290 0.626567
0.293841 0.518179 0.630060
0.300535 0.527021 0.633495
0.307568 0.535817 0.636879
0.314931 0.544566 0.640217
0.322614 0.553267 0.643516
0.330607 0.561920 0.646781
0.338900 0.570526 0.650019
0.347480 0.579083 0.653236
0.356336 0.587593 0.656439
0.365455 0.596054 0.659634
0.374827 0.604467 0.662827
0.384438 0.612833 0.666024
0.394277 0.621152 0.669233
0.404332 0.629423 0.672460
0.414592 0.637648 0.675710
0.425044 0.645827 0.678992
0.435678 0.653960 0.682310
0.446482 0.662049 0.685672
0.457447 0.670093 0.689084
0.468560 0.678095 0.692553
0.479814 0.686054 0.696084
0.491197 0.693973 0.699684
0.502699 0.701851 0.703359
0.514313 0.709690 0.707115
0.526028 0.717492 0.710958
0.537835 0.725257 0.714894
0.549727 0.732987 0.718929
0.561695 0.740684 0.723068
0.573731 0.748348 0.727317
0.585827 0.755982 0.731681
0.597975 0.763588 0.736165
0.610168 0.771165 0.740775
0.622399 0.778718 0.745514
0.634661 0.786247 0.750388
0.646947 0.793753 0.755400
0.659250 0.801240 0.760556
0.671564 0.808709 0.765858
0.683883 0.816162 0.771311
0.696200 0.823601 0.776918
0.708509 0.831028 0.782682
0.720805 0.838445 0.788606
0.733081 0.845854 0.794692
0.745333 0.853257 0.800943
0.757555 0.860657 0.807361
0.769741 0.868056 0.813948
0.781887 0.875456 0.820705
0.793987 0.882859 0.827634
0.806036 0.890267 0.834735
0.818031 0.897683 0.842009
0.829965 0.905108 0.849456
0.841836 0.912546 0.857077
0.853637 0.919998 0.864870
0.865366 0.927467 0.872837
0.877018 0.934954 0.880975
0.888589 0.942462 0.889284
0.900074 0.949993 0.897762
0.911472 0.957550 0.906408
0.922777 0.965134 0.915220
0.933987 0.972747 0.924196
0.945098 0.980392 0.933333
0.935699 0.974475 0.918754
0.926844 0.968405 0.903807
0.918544 0.962177 0.888509
0.910807 0.955786 0.872877
0.903638 0.949227 0.856927
0.897041 0.942495 0.840676
0.891019 0.935585 0.824144
0.885568 0.928494 0.807348
0.880687 0.921217 0.790306
0.876368 0.913751 0.773037
0.872604 0.906092 0.755560
0.869384 0.898238 0.737893
0.866694 0.890186 0.720057
0.864519 0.881932 0.702070
0.862843 0.873476 0.683952
0.861645 0.864814 0.665723
0.860904 0.855946 0.647402
0.860599 0.846870 0.629009
0.860704 0.837584 0.610566
0.861195 0.828089 0.592091
0.862045 0.818383 0.573606
0.863229 0.808466 0.555131
0.864717 0.798338 0.536688
0.866483 0.787999 0.518298
0.868498 0.777450 0.499984
0.870735 0.766691 0.481769
0.873164 0.755723 0.463677
0.875759 0.744547 0.445734
0.878491 0.733164 0.427965
0.881334 0.721577 0.410399
0.884261 0.709785 0.393069
0.887246 0.697791 0.376005
0.890264 0.685597 0.359247
0.893290 0.673204 0.342835
0.896301 0.660614 0.326814
0.899272 0.647829 0.311236
0.902183 0.634852 0.296159
0.905012 0.621683 0.281650
0.907737 0.608326 0.267783
0.910340 0.594781 0.254641
0.912801 0.581050 0.242317
0.915101 0.567134 0.230914
0.917225 0.553035 0.220541
0.919154 0.538752 0.211312
0.920873 0.524287 0.203340
0.922367 0.509638 0.196729
0.923622 0.494806 0.191569
0.924623 0.479787 0.187924
0.925358 0.464578 0.185825
0.925815 0.449177 0.185268
0.925981 0.433576 0.186209
0.925847 0.417768 0.188569
0.925401 0.401742 0.192243
0.924634 0.385487 0.197107
0.923536 0.368985 0.203028
0.922099 0.352214 0.209874
0.920316 0.335147 0.217517
0.918178 0.317749 0.225842
0.915680 0.299973 0.234744
0.912814 0.281759 0.244133
0.909576 0.263027 0.253932
0.905959 0.243667 0.264076
0.901961 0.223529 0.274510
0.895640 0.221338 0.272956
0.889328 0.219150 0.271396
0.883023 0.216967 0.269828
0.876727 0.214789 0.268252
0.870440 0.212615 0.266670
0.864160 0.210446 0.265081
0.857890 0.208281 0.263484
0.851627 0.206120 0.261881
0.845373 0.203964 0.260271
0.839128 0.201812 0.258654
0.832891 0.199665 0.257030
0.826663 0.197523 0.255399
0.820443 0.195384 0.253762
0.814232 0.193251 0.252118
0.808030 0.191121 0.250468
0.801836 0.188996 0.248811
0.795652 0.186876 0.247148
0.789476 0.184760 0.245478
0.783309 0.182649 0.243802
0.777151 0.180541 0.242120
0.771003 0.178439 0.240432
0.764863 0.176341 0.238737
0.758732 0.174247 0.237036
0.752611 0.172158 0.235330
0.746498 0.170073 0.233617
0.740395 0.167992 0.231899
0.734302 0.165916 0.230174
0.728217 0.163845 0.228444
0.722142 0.161778 0.226708
0.716077 0.159715 0.224967
0.710021 0.157657 0.223219
0.703974 0.155603 0.221467
0.697937 0.153554 0.219709
0.691910 0.151509 0.217945
0.685892 0.149468 0.216176
0.679885 0.147432 0.214402
0.673887 0.145401 0.212622
0.667898 0.143374 0.210837
0.661920 0.141351 0.209047
0.655952 0.139332 0.207252
0.649994 0.137318 0.205452
0.644046 0.135309 0.203647
0.638108 0.133304 0.201837
0.632180 0.131303 0.200022
0.626262 0.129306 0.198203
0.620355 0.127315 0.196379
0.614458 0.125327 0.194550
0.608572 0.123344 0.192716
0.602696 0.121365 0.190878
0.596830 0.119390 0.189036
0.590975 0.117420 0.187189
0.585131 0.115455 0.185338
0.579298 0.113493 0.183482
0.573475 0.111536 0.181622
0.567664 0.109584 0.179759
0.561863 0.107635 0.177891
0.556073 0.105691 0.176019
0.550294 0.103752 0.174143
0.544527 0.101816 0.172263
0.538770 0.099885 0.170379
0.533025 0.097958 0.168492
0.527291 0.096036 0.166601
0.521569 0.094118 0.164706
