0.113725 0.066667 0.278431
0.111887 0.074759 0.283243
0.109896 0.082647 0.287857
0.107758 0.090366 0.292273
0.105479 0.097940 0.296494
0.103064 0.105391 0.300521
0.100522 0.112733 0.304357
0.097864 0.119976 0.308005
0.095100 0.127130 0.311468
0.092247 0.134202 0.314748
0.089320 0.141195 0.317850
0.086341 0.148114 0.320778
0.083333 0.154962 0.323535
0.080325 0.161742 0.326127
0.077351 0.168453 0.328557
0.074450 0.175098 0.330832
0.071666 0.181677 0.332955
0.069053 0.188191 0.334933
0.066666 0.194640 0.336771
0.064570 0.201023 0.338475
0.062832 0.207342 0.340051
0.061521 0.213594 0.341506
0.060706 0.219781 0.342845
0.060451 0.225902 0.344075
0.060807 0.231956 0.345203
0.061817 0.237944 0.346236
0.063503 0.243865 0.347181
0.065873 0.249718 0.348044
0.068914 0.255504 0.348835
0.072602 0.261222 0.349558
0.076899 0.266873 0.350224
0.081761 0.272457 0.350838
0.087140 0.277973 0.351409
0.092985 0.283421 0.351944
0.099248 0.288803 0.352453
0.105882 0.294118 0.352941
0.099594 0.299752 0.356141
0.092814 0.305416 0.359090
0.085491 0.311106 0.361781
0.077555 0.316818 0.364209
0.068912 0.322547 0.366367
0.059422 0.328288 0.368251
0.048870 0.334038 0.369856
0.036918 0.339792 0.371177
0.024717 0.345545 0.372210
0.013059 0.351292 0.372952
0.002064 0.357029 0.373398
0.000000 0.362750 0.373545
0.000000 0.368451 0.373391
0.000000 0.374127 0.372933
0.000000 0.379771 0.372169
0.000000 0.385380 0.371096
0.000000 0.390948 0.369714
0.000000 0.396470 0.368019
0.000000 0.401941 0.366011
0.000000 0.407356 0.363689
0.000000 0.412709 0.361051
0.000000 0.417995 0.358097
0.000000 0.423210 0.354825
0.000000 0.428348 0.351235
0.000000 0.433404 0.347325
0.014707 0.438374 0.343094
0.034944 0.443252 0.338541
0.056437 0.448034 0.333664
0.075729 0.452715 0.328461
0.093754 0.457290 0.322929
0.111010 0.461756 0.317066
0.127770 0.466107 0.310866
0.144201 0.470339 0.304326
0.160410 0.474449 0.297438
0.176471 0.478431 0.290196
0.183613 0.485011 0.291172
0.190869 0.491587 0.292054
0.198236 0.498156 0.292842
0.205712 0.504720 0.293533
0.213297 0.511277 0.294128
0.220989 0.517827 0.294625
0.228786 0.524369 0.295023
0.236687 0.530902 0.295320
0.244692 0.537426 0.295515
0.252799 0.543941 0.295608
0.261007 0.550445 0.295596
0.269315 0.556938 0.295478
0.277723 0.563420 0.295253
0.286229 0.569889 0.294919
0.294832 0.576346 0.294474
0.303532 0.582790 0.293917
0.312328 0.589219 0.293247
0.321220 0.595635 0.292460
0.330205 0.602035 0.291556
0.339285 0.608420 0.290532
0.348457 0.614789 0.289385
0.357722 0.621141 0.288114
0.367078 0.627476 0.286716
0.376526 0.633793 0.285188
0.386063 0.640092 0.283527
0.395691 0.646372 0.281731
0.405407 0.652633 0.279796
0.415212 0.658874 0.277718
0.425105 0.665095 0.275494
0.435086 0.671294 0.273120
0.445152 0.677472 0.270591
0.455305 0.683629 0.267902
0.465544 0.689762 0.265049
0.475867 0.695873 0.262024
0.486275 0.701961 0.258823
0.501847 0.704900 0.254035
0.517226 0.707792 0.249327
0.532427 0.710639 0.244715
0.547462 0.713442 0.240214
0.562343 0.716200 0.235839
0.577080 0.718916 0.231609
0.591682 0.721589 0.227542
0.606157 0.724222 0.223659
0.620510 0.726815 0.219981
0.634749 0.729369 0.216531
0.648877 0.731885 0.213333
0.662900 0.734364 0.210411
0.676820 0.736808 0.207791
0.690642 0.739218 0.205497
0.704369 0.741594 0.203556
0.718002 0.743939 0.201990
0.731544 0.746253 0.200824
0.744996 0.748537 0.200080
0.758362 0.750794 0.199778
0.771640 0.753025 0.199934
0.784834 0.755230 0.200562
0.797943 0.757411 0.201673
0.810968 0.759570 0.203274
0.823909 0.761709 0.205369
0.836768 0.763828 0.207957
0.849544 0.765929 0.211034
0.862238 0.768015 0.214594
0.874848 0.770086 0.218626
0.887376 0.772143 0.223117
0.899821 0.774190 0.228054
0.912182 0.776227 0.233420
0.924460 0.778256 0.239198
0.936653 0.780279 0.245370
0.948761 0.782298 0.251918
0.960784 0.784314 0.258823
0.962480 0.774283 0.250631
0.963995 0.764255 0.242967
0.965327 0.754231 0.235863
0.966475 0.744213 0.229347
0.967439 0.734205 0.223448
0.968218 0.724208 0.218190
0.968812 0.714225 0.213596
0.969219 0.704259 0.209682
0.969439 0.694312 0.206461
0.969472 0.684387 0.203938
0.969317 0.674487 0.202111
0.968975 0.664613 0.200971
0.968445 0.654768 0.200502
0.967726 0.644956 0.200681
0.966819 0.635178 0.201478
0.965725 0.625437 0.202861
0.964442 0.615737 0.204790
0.962972 0.606079 0.207225
0.961314 0.596466 0.210125
0.959470 0.586901 0.213446
0.957438 0.577386 0.217146
0.955221 0.567925 0.221186
0.952818 0.558520 0.225525
0.950230 0.549173 0.230128
0.947458 0.539887 0.234961
0.944502 0.530665 0.239990
0.941364 0.521510 0.245189
0.938044 0.512424 0.250531
0.934543 0.503410 0.255991
0.930863 0.494470 0.261549
0.927003 0.485608 0.267185
0.922967 0.476825 0.272882
0.918754 0.468124 0.278626
0.914366 0.459509 0.284401
0.909804 0.450980 0.290196
0.909712 0.445846 0.296866
0.909495 0.440758 0.303603
0.909154 0.435720 0.310402
0.908687 0.430733 0.317256
0.908095 0.425802 0.324161
0.907377 0.420927 0.331112
0.906533 0.416112 0.338106
0.905562 0.411358 0.345139
0.904464 0.406669 0.352206
0.903239 0.402046 0.359306
0.901887 0.397492 0.366436
0.900407 0.393010 0.373592
0.898800 0.388601 0.380772
0.897065 0.384268 0.387974
0.895202 0.380012 0.395197
0.893212 0.375837 0.402437
0.891093 0.371744 0.409694
0.888848 0.367734 0.416964
0.886474 0.363811 0.424248
0.883974 0.359974 0.431542
0.881346 0.356227 0.438846
0.878591 0.352571 0.446157
0.875709 0.349006 0.453474
0.872701 0.345535 0.460796
0.869567 0.342158 0.468121
0.866307 0.338876 0.475447
0.862921 0.335691 0.482773
0.859410 0.332603 0.490098
0.855775 0.329612 0.497418
0.852015 0.326719 0.504734
0.848132 0.323925 0.512043
0.844125 0.321228 0.519344
0.839996 0.318630 0.526634
0.835745 0.316129 0.533912
0.831373 0.313725 0.541176
0.835049 0.327261 0.549578
0.838678 0.340540 0.557956
0.842259 0.353594 0.566310
0.845793 0.366448 0.574640
0.849280 0.379124 0.582945
0.852720 0.391642 0.591224
0.856113 0.404018 0.599478
0.859459 0.416267 0.607705
0.862759 0.428401 0.615905
0.866012 0.440431 0.624078
0.869220 0.452367 0.632222
0.872381 0.464217 0.640338
0.875496 0.475990 0.648426
0.878566 0.487692 0.656484
0.881591 0.499330 0.664512
0.884570 0.510908 0.672509
0.887504 0.522433 0.680476
0.890394 0.533908 0.688411
0.893239 0.545339 0.696315
0.896039 0.556728 0.704187
0.898796 0.568080 0.712026
0.901509 0.579397 0.719832
0.904178 0.590682 0.727604
0.906803 0.601939 0.735343
0.909386 0.613169 0.743047
0.911926 0.624375 0.750716
0.914423 0.635559 0.758350
0.916878 0.646723 0.765948
0.919291 0.657868 0.773511
0.921662 0.668997 0.781036
0.923992 0.680111 0.788525
0.926280 0.691211 0.795977
0.928528 0.702298 0.803390
0.930735 0.713375 0.810766
0.932903 0.724441 0.818103
0.935030 0.735499 0.825402
0.937118 0.746548 0.832660
0.939167 0.757591 0.839880
0.941176 0.768627 0.847059
