0.494118 0.721569 0.854902
0.488870 0.717441 0.851484
0.483622 0.713315 0.848069
0.478374 0.709193 0.844655
0.473126 0.705073 0.841244
0.467878 0.700955 0.837834
0.462629 0.696841 0.834426
0.457379 0.692728 0.831021
0.452128 0.688619 0.827617
0.446876 0.684512 0.824214
0.441622 0.680408 0.820814
0.436366 0.676306 0.817416
0.431108 0.672208 0.814020
0.425847 0.668111 0.810625
0.420584 0.664018 0.807232
0.415318 0.659927 0.803841
0.410048 0.655839 0.800452
0.404775 0.651753 0.797065
0.399497 0.647670 0.793680
0.394215 0.643590 0.790297
0.388927 0.639513 0.786915
0.383635 0.635438 0.783535
0.378336 0.631365 0.780157
0.373031 0.627296 0.776781
0.367719 0.623229 0.773407
0.362399 0.619165 0.770034
0.357072 0.615103 0.766663
0.351735 0.611044 0.763294
0.346389 0.606988 0.759927
0.341033 0.602934 0.756561
0.335667 0.598883 0.753198
0.330288 0.594835 0.749836
0.324897 0.590790 0.746476
0.319493 0.586747 0.743117
0.314074 0.582706 0.739760
0.308640 0.578669 0.736405
0.303189 0.574634 0.733052
0.297721 0.570601 0.729700
0.292233 0.566571 0.726351
0.286725 0.562544 0.723002
0.281195 0.558520 0.719656
0.275642 0.554498 0.716311
0.270063 0.550479 0.712968
0.264458 0.546462 0.709627
0.258823 0.542448 0.706287
0.253157 0.538437 0.702949
0.247456 0.534428 0.699612
0.241720 0.530422 0.696277
0.235944 0.526418 0.692944
0.230126 0.522417 0.689613
0.224261 0.518418 0.686283
0.218346 0.514422 0.682954
0.212378 0.510429 0.679628
0.206350 0.506438 0.676303
0.200257 0.502450 0.672979
0.194094 0.498464 0.669657
0.187853 0.494481 0.666337
0.181528 0.490500 0.663018
0.175108 0.486522 0.659701
0.168584 0.482546 0.656385
0.161944 0.478572 0.653071
0.155174 0.474601 0.649758
0.148258 0.470633 0.646447
0.141177 0.466667 0.643137
0.140857 0.460028 0.635025
0.140473 0.453412 0.626919
0.140029 0.446819 0.618821
0.139524 0.440248 0.610731
0.138960 0.433699 0.602648
0.138340 0.427174 0.594574
0.137663 0.420671 0.586509
0.136932 0.414191 0.578452
0.136148 0.407735 0.570404
0.135312 0.401302 0.562367
0.134425 0.394892 0.554339
0.133488 0.388506 0.546321
0.132502 0.382143 0.538314
0.131469 0.375805 0.530318
0.130389 0.369490 0.522333
0.129263 0.363199 0.514360
0.128093 0.356933 0.506399
0.126879 0.350691 0.498450
0.125623 0.344473 0.490514
0.124324 0.338280 0.482591
0.122984 0.332112 0.474682
0.121604 0.325969 0.466787
0.120185 0.319851 0.458906
0.118727 0.313758 0.451039
0.117232 0.307691 0.443188
0.115699 0.301650 0.435352
0.114130 0.295634 0.427532
0.112525 0.289644 0.419729
0.110886 0.283680 0.411942
0.109213 0.277742 0.404172
0.107506 0.271831 0.396420
0.105767 0.265947 0.388687
0.103995 0.260090 0.380971
0.102193 0.254259 0.373275
0.100360 0.248456 0.365598
0.098497 0.242680 0.357941
0.096604 0.236932 0.350304
0.094683 0.231212 0.342689
0.092734 0.225520 0.335094
0.090758 0.219856 0.327522
0.088755 0.214221 0.319972
0.086726 0.208614 0.312445
0.084671 0.203037 0.304942
0.082592 0.197489 0.297463
0.080489 0.191970 0.290008
0.078362 0.186482 0.282579
0.076212 0.181023 0.275175
0.074040 0.175595 0.267798
0.071846 0.170197 0.260448
0.069631 0.164830 0.253126
0.067396 0.159495 0.245832
0.065142 0.154191 0.238567
0.062868 0.148920 0.231332
0.060575 0.143680 0.224127
0.058265 0.138473 0.216954
0.055938 0.133299 0.209812
0.053595 0.128158 0.202703
0.051235 0.123052 0.195628
0.048861 0.117979 0.188587
0.046472 0.112941 0.181581
0.044069 0.107938 0.174612
0.041653 0.102971 0.167679
0.039216 0.098039 0.160784
0.043010 0.100172 0.167570
0.047181 0.102213 0.174345
0.051718 0.104163 0.181095
0.056600 0.106022 0.187808
0.061805 0.107789 0.194470
0.067313 0.109463 0.201066
0.073101 0.111047 0.207585
0.079153 0.112539 0.214011
0.085449 0.113941 0.220331
0.091974 0.115253 0.226532
0.098714 0.116477 0.232600
0.105654 0.117613 0.238522
0.112783 0.118664 0.244285
0.120090 0.119631 0.249874
0.127564 0.120514 0.255279
0.135197 0.121317 0.260485
0.142980 0.122040 0.265482
0.150905 0.122686 0.270256
0.158965 0.123256 0.274796
0.167152 0.123752 0.279092
0.175461 0.124176 0.283131
0.183885 0.124529 0.286904
0.192418 0.124813 0.290401
0.201055 0.125031 0.293612
0.209788 0.125183 0.296528
0.218613 0.125271 0.299141
0.227524 0.125296 0.301442
0.236515 0.125261 0.303424
0.245581 0.125165 0.305080
0.254715 0.125011 0.306402
0.263911 0.124800 0.307387
0.273165 0.124533 0.308026
0.282468 0.124211 0.308316
0.291815 0.123837 0.308253
0.301200 0.123412 0.307831
0.310615 0.122938 0.307047
0.320053 0.122417 0.305898
0.329508 0.121854 0.304381
0.338971 0.121250 0.302492
0.348435 0.120610 0.300231
0.357892 0.119940 0.297593
0.367334 0.119244 0.294577
0.376751 0.118531 0.291180
0.386137 0.117809 0.287400
0.395481 0.117087 0.283234
0.404774 0.116376 0.278678
0.414007 0.115690 0.273729
0.423171 0.115044 0.268380
0.432254 0.114453 0.262626
0.441248 0.113938 0.256459
0.450142 0.113518 0.249868
0.458926 0.113217 0.242840
0.467588 0.113060 0.235359
0.476118 0.113072 0.227404
0.484505 0.113283 0.218948
0.492738 0.113720 0.209956
0.500805 0.114413 0.200384
0.508696 0.115391 0.190173
0.516399 0.116684 0.179246
0.523902 0.118317 0.167497
0.531194 0.120315 0.154780
0.538263 0.122700 0.140884
0.545098 0.125490 0.125490
0.551139 0.135349 0.133913
0.557171 0.144906 0.142236
0.563192 0.154212 0.150475
0.569203 0.163306 0.158643
0.575204 0.172220 0.166752
0.581196 0.180978 0.174810
0.587178 0.189603 0.182825
0.593151 0.198111 0.190805
0.599114 0.206517 0.198754
0.605068 0.214834 0.206677
0.611013 0.223072 0.214579
0.616949 0.231240 0.222464
0.622876 0.239347 0.230333
0.628794 0.247399 0.238191
0.634704 0.255403 0.246039
0.640605 0.263364 0.253880
0.646498 0.271286 0.261715
0.652382 0.279174 0.269546
0.658258 0.287032 0.277375
0.664125 0.294863 0.285202
0.669985 0.302671 0.293030
0.675837 0.310457 0.300859
0.681680 0.318225 0.308689
0.687516 0.325977 0.316522
0.693344 0.333715 0.324359
0.699165 0.341440 0.332200
0.704978 0.349155 0.340045
0.710783 0.356861 0.347896
0.716581 0.364559 0.355752
0.722372 0.372251 0.363614
0.728155 0.379938 0.371483
0.733931 0.387622 0.379358
0.739700 0.395302 0.387240
0.745463 0.402981 0.395129
0.751218 0.410659 0.403026
0.756966 0.418336 0.410931
0.762707 0.426015 0.418843
0.768442 0.433694 0.426763
0.774170 0.441376 0.434691
0.779891 0.449060 0.442627
0.785606 0.456747 0.450571
0.791314 0.464438 0.458524
0.797016 0.472133 0.466485
0.802711 0.479833 0.474454
0.808401 0.487538 0.482432
0.814084 0.495249 0.490418
0.819761 0.502965 0.498413
0.825431 0.510687 0.506416
0.831096 0.518416 0.514427
0.836755 0.526152 0.522447
0.842408 0.533895 0.530475
0.848055 0.541646 0.538512
0.853696 0.549404 0.546557
0.859332 0.557170 0.554610
0.864962 0.564944 0.562671
0.870586 0.572726 0.570741
0.876205 0.580517 0.578818
0.881818 0.588317 0.586904
0.887426 0.596125 0.594998
0.893028 0.603943 0.603099
0.898625 0.611769 0.611209
0.904217 0.619605 0.619326
0.909804 0.627451 0.627451
