0.176471 0.066667 0.172549
0.180585 0.067676 0.175396
0.184726 0.068676 0.178220
0.188892 0.069666 0.181022
0.193084 0.070646 0.183801
0.197301 0.071616 0.186556
0.201543 0.072575 0.189287
0.205811 0.073525 0.191994
0.210103 0.074464 0.194676
0.214419 0.075393 0.197334
0.218760 0.076312 0.199966
0.223125 0.077220 0.202572
0.227514 0.078118 0.205151
0.231927 0.079006 0.207705
0.236364 0.079883 0.210231
0.240824 0.080749 0.212730
0.245307 0.081606 0.215201
0.249813 0.082451 0.217644
0.254342 0.083286 0.220059
0.258894 0.084111 0.222446
0.263468 0.084925 0.224803
0.268064 0.085728 0.227130
0.272683 0.086520 0.229428
0.277323 0.087302 0.231696
0.281985 0.088073 0.233933
0.286668 0.088833 0.236140
0.291373 0.089582 0.238316
0.296098 0.090321 0.240460
0.300845 0.091049 0.242572
0.305612 0.091765 0.244653
0.310399 0.092471 0.246700
0.315207 0.093166 0.248716
0.320035 0.093850 0.250698
0.324882 0.094524 0.252647
0.329749 0.095186 0.254562
0.334636 0.095838 0.256444
0.339542 0.096478 0.258291
0.344466 0.097108 0.260103
0.349410 0.097726 0.261881
0.354371 0.098334 0.263623
0.359352 0.098931 0.265331
0.364350 0.099518 0.267002
0.369366 0.100093 0.268637
0.374400 0.100658 0.270236
0.379451 0.101212 0.271798
0.384520 0.101755 0.273324
0.389605 0.102288 0.274812
0.394707 0.102810 0.276262
0.399826 0.103322 0.277675
0.404961 0.103823 0.279049
0.410112 0.104314 0.280385
0.415279 0.104795 0.281682
0.420461 0.105265 0.282941
0.425659 0.105725 0.284160
0.430872 0.106176 0.285339
0.436100 0.106616 0.286478
0.441343 0.107047 0.287577
0.446600 0.107469 0.288636
0.451871 0.107881 0.289653
0.457156 0.108283 0.290630
0.462455 0.108677 0.291565
0.467767 0.109061 0.292458
0.473093 0.109437 0.293309
0.478431 0.109804 0.294118
0.483955 0.111147 0.296738
0.489492 0.112490 0.299349
0.495044 0.113833 0.301949
0.500609 0.115177 0.304539
0.506189 0.116521 0.307118
0.511782 0.117865 0.309687
0.517389 0.119210 0.312245
0.523009 0.120555 0.314793
0.528643 0.121901 0.317329
0.534291 0.123248 0.319854
0.539951 0.124594 0.322368
0.545626 0.125942 0.324871
0.551313 0.127290 0.327363
0.557014 0.128638 0.329843
0.562727 0.129987 0.332312
0.568454 0.131337 0.334769
0.574194 0.132687 0.337214
0.579946 0.134038 0.339647
0.585711 0.135390 0.342069
0.591489 0.136742 0.344478
0.597280 0.138095 0.346875
0.603083 0.139449 0.349260
0.608899 0.140804 0.351633
0.614727 0.142160 0.353993
0.620568 0.143516 0.356341
0.626420 0.144873 0.358676
0.632285 0.146232 0.360998
0.638163 0.147591 0.363307
0.644052 0.148951 0.365604
0.649953 0.150312 0.367887
0.655866 0.151675 0.370157
0.661791 0.153038 0.372414
0.667728 0.154403 0.374658
0.673677 0.155768 0.376888
0.679637 0.157135 0.379105
0.685609 0.158504 0.381308
0.691592 0.159873 0.383498
0.697587 0.161244 0.385673
0.703593 0.162616 0.387835
0.709610 0.163990 0.389983
0.715639 0.165365 0.392116
0.721679 0.166741 0.394236
0.727730 0.168120 0.396341
0.733792 0.169499 0.398431
0.739865 0.170881 0.400508
0.745949 0.172264 0.402569
0.752044 0.173648 0.404616
0.758149 0.175035 0.406648
0.764265 0.176423 0.408666
0.770392 0.177813 0.410668
0.776530 0.179206 0.412655
0.782678 0.180600 0.414628
0.788836 0.181996 0.416585
0.795005 0.183394 0.418526
0.801184 0.184794 0.420452
0.807373 0.186196 0.422363
0.813573 0.187601 0.424258
0.819783 0.189008 0.426137
0.826002 0.190417 0.428001
0.832232 0.191829 0.429848
0.838472 0.193243 0.431680
0.844721 0.194659 0.433495
0.850980 0.196078 0.435294
0.854144 0.206402 0.436602
0.857275 0.216396 0.437956
0.860374 0.226105 0.439356
0.863441 0.235562 0.440802
0.866476 0.244796 0.442296
0.869479 0.253832 0.443837
0.872449 0.262691 0.445428
0.875387 0.271388 0.447068
0.878293 0.279941 0.448758
0.881166 0.288361 0.450498
0.884007 0.296661 0.452291
0.886816 0.304850 0.454135
0.889592 0.312937 0.456032
0.892336 0.320931 0.457983
0.895047 0.328838 0.459987
0.897727 0.336665 0.462046
0.900373 0.344417 0.464160
0.902988 0.352100 0.466329
0.905570 0.359718 0.468555
0.908119 0.367276 0.470838
0.910637 0.374776 0.473178
0.913122 0.382224 0.475576
0.915575 0.389621 0.478032
0.917996 0.396971 0.480546
0.920384 0.404277 0.483120
0.922741 0.411541 0.485754
0.925065 0.418765 0.488448
0.927358 0.425951 0.491202
0.929618 0.433102 0.494017
0.931847 0.440218 0.496893
0.934044 0.447303 0.499830
0.936209 0.454357 0.502830
0.938343 0.461381 0.505892
0.940445 0.468378 0.509016
0.942515 0.475348 0.512203
0.944555 0.482292 0.515453
0.946562 0.489211 0.518766
0.948539 0.496108 0.522143
0.950485 0.502981 0.525583
0.952400 0.509833 0.529087
0.954283 0.516664 0.532655
0.956137 0.523475 0.536287
0.957959 0.530266 0.539983
0.959751 0.537038 0.543744
0.961513 0.543792 0.547569
0.963245 0.550529 0.551459
0.964947 0.557248 0.555413
0.966618 0.563951 0.559432
0.968260 0.570637 0.563516
0.969873 0.577308 0.567664
0.971456 0.583963 0.571877
0.973010 0.590604 0.576154
0.974535 0.597230 0.580496
0.976031 0.603841 0.584903
0.977499 0.610439 0.589374
0.978938 0.617023 0.593909
0.980349 0.623593 0.598509
0.981732 0.630150 0.603173
0.983087 0.636694 0.607901
0.984415 0.643226 0.612693
0.985716 0.649745 0.617548
0.986989 0.656251 0.622468
0.988235 0.662745 0.627451
0.988953 0.666940 0.634446
0.989645 0.671146 0.641386
0.990312 0.675361 0.648273
0.990953 0.679587 0.655105
0.991569 0.683824 0.661883
0.992160 0.688069 0.668608
0.992727 0.692325 0.675279
0.993270 0.696590 0.681896
0.993789 0.700865 0.688461
0.994285 0.705149 0.694972
0.994758 0.709442 0.701429
0.995209 0.713744 0.707834
0.995637 0.718055 0.714185
0.996044 0.722375 0.720482
0.996430 0.726703 0.726727
0.996795 0.731039 0.732918
0.997139 0.735384 0.739055
0.997463 0.739736 0.745139
0.997768 0.744097 0.751169
0.998053 0.748465 0.757145
0.998320 0.752841 0.763067
0.998568 0.757224 0.768936
0.998799 0.761614 0.774750
0.999012 0.766012 0.780509
0.999209 0.770416 0.786215
0.999389 0.774827 0.791865
0.999553 0.779245 0.797461
0.999702 0.783669 0.803001
0.999837 0.788100 0.808487
0.999957 0.792536 0.813917
1.000000 0.796979 0.819291
1.000000 0.801427 0.824610
1.000000 0.805881 0.829872
1.000000 0.810340 0.835079
1.000000 0.814804 0.840229
1.000000 0.819274 0.845323
1.000000 0.823748 0.850360
1.000000 0.828227 0.855339
1.000000 0.832711 0.860262
1.000000 0.837199 0.865128
1.000000 0.841691 0.869936
1.000000 0.846187 0.874686
1.000000 0.850687 0.879378
1.000000 0.855190 0.884013
1.000000 0.859697 0.888589
1.000000 0.864207 0.893106
1.000000 0.868720 0.897565
1.000000 0.873236 0.901965
1.000000 0.877755 0.906306
1.000000 0.882276 0.910587
1.000000 0.886799 0.914810
1.000000 0.891324 0.918972
1.000000 0.895851 0.923075
1.000000 0.900380 0.927118
1.000000 0.904910 0.931101
1.000000 0.909441 0.935024
1.000000 0.913974 0.938886
1.000000 0.918507 0.942688
0.999990 0.923040 0.946429
0.999981 0.927574 0.950110
0.999978 0.932109 0.953729
0.999985 0.936643 0.957287
1.000000 0.941176 0.960784
