1.000000 0.000000 0.000000
1.000000 0.069266 0.000000
1.000000 0.113042 0.000000
1.000000 0.146529 0.000000
1.000000 0.175070 0.000000
1.000000 0.200633 0.000000
1.000000 0.224190 0.000000
1.000000 0.246301 0.000000
1.000000 0.267318 0.000000
1.000000 0.287480 0.000000
1.000000 0.306954 0.000000
1.000000 0.325864 0.000000
1.000000 0.344302 0.000000
1.000000 0.362341 0.000000
1.000000 0.380036 0.000000
1.000000 0.397432 0.000000
1.000000 0.414565 0.000000
1.000000 0.431464 0.000000
1.000000 0.448154 0.000000
1.000000 0.464654 0.000000
1.000000 0.480981 0.000000
1.000000 0.497148 0.000000
1.000000 0.513168 0.000000
1.000000 0.529049 0.000000
1.000000 0.544800 0.000000
1.000000 0.560427 0.000000
1.000000 0.575937 0.000000
1.000000 0.591333 0.000000
1.000000 0.606620 0.000000
1.000000 0.621801 0.000000
1.000000 0.636878 0.000000
1.000000 0.651853 0.000000
1.000000 0.666729 0.000000
1.000000 0.681506 0.000000
1.000000 0.696185 0.000000
1.000000 0.710767 0.000000
1.000000 0.725251 0.000000
1.000000 0.739639 0.000000
1.000000 0.753930 0.000000
1.000000 0.768124 0.000000
1.000000 0.782220 0.000000
1.000000 0.796218 0.000000
1.000000 0.810117 0.000000
1.000000 0.823916 0.000000
1.000000 0.837615 0.000000
1.000000 0.851212 0.000000
1.000000 0.864708 0.000000
1.000000 0.878100 0.000000
1.000000 0.891388 0.000000
1.000000 0.904571 0.000000
1.000000 0.917647 0.000000
0.988932 0.917982 0.000000
0.977748 0.918308 0.000000
0.966446 0.918623 0.000747
0.955024 0.918927 0.005419
0.943481 0.919218 0.012263
0.931815 0.919495 0.021256
0.920024 0.919756 0.032377
0.908105 0.920001 0.045343
0.896058 0.920229 0.058210
0.883878 0.920437 0.070695
0.871564 0.920626 0.082860
0.859111 0.920794 0.094752
0.846517 0.920939 0.106404
0.833778 0.921062 0.117845
0.820890 0.921160 0.129094
0.807848 0.921233 0.140170
0.794647 0.921279 0.151087
0.781283 0.921298 0.161858
0.767748 0.921288 0.172493
0.754037 0.921249 0.183001
0.740141 0.921180 0.193392
0.726054 0.921078 0.203671
0.711765 0.920945 0.213847
0.697265 0.920778 0.223924
0.682542 0.920577 0.233908
0.667584 0.920340 0.243805
0.652377 0.920068 0.253617
0.636905 0.919758 0.263351
0.621149 0.919411 0.273008
0.605089 0.919024 0.282593
0.588701 0.918598 0.292109
0.571958 0.918132 0.301559
0.554829 0.917624 0.310946
0.537277 0.917075 0.320271
0.519259 0.916482 0.329539
0.500723 0.915846 0.338750
0.481608 0.915165 0.347907
0.461840 0.914440 0.357012
0.441327 0.913668 0.366067
0.419953 0.912850 0.375072
0.397573 0.911985 0.384031
0.373994 0.911071 0.392944
0.348959 0.910109 0.401813
0.322107 0.909098 0.410639
0.292910 0.908037 0.419422
0.260540 0.906925 0.428165
0.223571 0.905762 0.436868
0.179140 0.904548 0.445531
0.119554 0.903281 0.454157
0.000001 0.901961 0.462745
0.000000 0.898952 0.483400
0.000000 0.895646 0.503721
0.000000 0.892036 0.523728
0.000000 0.888120 0.543437
0.000000 0.883893 0.562861
0.000000 0.879352 0.582008
0.000000 0.874494 0.600883
0.000000 0.869316 0.619488
0.000000 0.863817 0.637823
0.000000 0.857993 0.655886
0.000000 0.851845 0.673672
0.000000 0.845370 0.691175
0.000000 0.838568 0.708387
0.000000 0.831438 0.725299
0.000000 0.823981 0.741900
0.000000 0.816196 0.758177
0.000000 0.808085 0.774119
0.000000 0.799648 0.789710
0.000000 0.790887 0.804936
0.000000 0.781805 0.819780
0.000000 0.772402 0.834227
0.000000 0.762683 0.848259
0.000000 0.752650 0.861857
0.000000 0.742307 0.875005
0.000000 0.731658 0.887683
0.000000 0.720707 0.899873
0.000000 0.709460 0.911555
0.000000 0.697920 0.922710
0.000000 0.686094 0.933320
0.000000 0.673988 0.943364
0.000000 0.661609 0.952824
0.000000 0.648962 0.961682
0.000000 0.636055 0.969919
0.000000 0.622896 0.977516
0.000000 0.609491 0.984457
0.000000 0.595849 0.990724
0.000000 0.581977 0.996300
0.000000 0.567885 1.000000
0.000000 0.553580 1.000000
0.000000 0.539070 1.000000
0.000000 0.524364 1.000000
0.000000 0.509469 1.000000
0.000000 0.494393 1.000000
0.000000 0.479144 1.000000
0.000000 0.463729 1.000000
0.000000 0.448152 1.000000
0.000000 0.432420 1.000000
0.000000 0.416535 1.000000
0.096119 0.400500 1.000000
0.160784 0.384314 1.000000
0.173658 0.377407 0.991726
0.185152 0.370538 0.983398
0.195517 0.363707 0.975017
0.204933 0.356914 0.966585
0.213534 0.350159 0.958103
0.221425 0.343442 0.949572
0.228689 0.336763 0.940995
0.235392 0.330122 0.932372
0.241590 0.323519 0.923705
0.247328 0.316954 0.914995
0.252645 0.310426 0.906245
0.257575 0.303936 0.897455
0.262145 0.297483 0.888627
0.266380 0.291068 0.879763
0.270304 0.284690 0.870864
0.273934 0.278348 0.861931
0.277288 0.272043 0.852966
0.280382 0.265775 0.843971
0.283229 0.259542 0.834947
0.285841 0.253344 0.825895
0.288231 0.247181 0.816818
0.290407 0.241053 0.807716
0.292381 0.234959 0.798591
0.294160 0.228898 0.789445
0.295753 0.222870 0.780279
0.297166 0.216874 0.771095
0.298407 0.210909 0.761893
0.299483 0.204974 0.752677
0.300398 0.199069 0.743446
0.301159 0.193192 0.734203
0.301770 0.187342 0.724949
0.302237 0.181518 0.715686
0.302565 0.175719 0.706415
0.302757 0.169942 0.697138
0.302817 0.164188 0.687855
0.302750 0.158452 0.678569
0.302560 0.152735 0.669281
0.302249 0.147032 0.659993
0.301821 0.141342 0.650706
0.301278 0.135662 0.641421
0.300626 0.129989 0.632139
0.299865 0.124319 0.622864
0.298998 0.118648 0.613594
0.298030 0.112972 0.604333
0.296961 0.107285 0.595082
0.295794 0.101580 0.585842
0.294532 0.095852 0.576614
0.293177 0.090091 0.567400
0.291731 0.084288 0.558202
0.290196 0.078431 0.549020
0.304615 0.077298 0.552747
0.319083 0.076050 0.556062
0.333605 0.074675 0.558959
0.348184 0.073159 0.561432
0.362822 0.071484 0.563476
0.377520 0.069629 0.565089
0.392277 0.067572 0.566266
0.407092 0.065286 0.567003
0.421963 0.062740 0.567300
0.436886 0.059897 0.567152
0.451860 0.056711 0.566558
0.466878 0.053129 0.565517
0.481938 0.049081 0.564027
0.497033 0.044477 0.562088
0.512157 0.039185 0.559698
0.527305 0.033336 0.556859
0.542470 0.027116 0.553568
0.557645 0.020522 0.549828
0.572822 0.013559 0.545637
0.587993 0.006233 0.540995
0.603150 0.000000 0.535903
0.618284 0.000000 0.530361
0.633386 0.000000 0.524367
0.648448 0.000000 0.517922
0.663459 0.000000 0.511023
0.678409 0.000000 0.503669
0.693289 0.000000 0.495857
0.708088 0.000000 0.487583
0.722796 0.000000 0.478841
0.737402 0.000000 0.469626
0.751894 0.000000 0.459927
0.766262 0.000000 0.449734
0.780494 0.000000 0.439032
0.794580 0.000000 0.427803
0.808506 0.000000 0.416026
0.822262 0.000000 0.403672
0.835836 0.000000 0.390706
0.849215 0.000000 0.377086
0.862389 0.000000 0.362755
0.875344 0.000000 0.347644
0.888069 0.000000 0.331663
0.900552 0.000000 0.314695
0.912781 0.000000 0.296585
0.924743 0.000000 0.277119
0.936426 0.000000 0.255999
0.947819 0.000000 0.232783
0.958908 0.000000 0.206772
0.969683 0.000000 0.176767
0.980132 0.000000 0.140351
0.990241 0.000000 0.091041
1.000000 0.000000 0.000000
