0.145098 0.388235 0.921569
0.147200 0.392896 0.922667
0.149383 0.397528 0.923760
0.151647 0.402133 0.924847
0.153988 0.406711 0.925928
0.156406 0.411263 0.927003
0.158899 0.415791 0.928072
0.161463 0.420294 0.929136
0.164098 0.424773 0.930193
0.166802 0.429230 0.931245
0.169572 0.433665 0.932292
0.172407 0.438077 0.933332
0.175305 0.442469 0.934367
0.178264 0.446841 0.935397
0.181282 0.451193 0.936420
0.184357 0.455525 0.937439
0.187489 0.459838 0.938451
0.190674 0.464134 0.939459
0.193912 0.468411 0.940460
0.197201 0.472670 0.941457
0.200540 0.476913 0.942448
0.203926 0.481139 0.943433
0.207360 0.485348 0.944413
0.210838 0.489541 0.945388
0.214361 0.493719 0.946358
0.217926 0.497882 0.947322
0.221532 0.502030 0.948281
0.225179 0.506163 0.949235
0.228865 0.510281 0.950184
0.232590 0.514386 0.951127
0.236351 0.518476 0.952066
0.240149 0.522554 0.952999
0.243981 0.526618 0.953928
0.247848 0.530668 0.954851
0.251748 0.534707 0.955769
0.255681 0.538732 0.956683
0.259645 0.542745 0.957591
0.263641 0.546746 0.958495
0.267666 0.550735 0.959394
0.271721 0.554713 0.960288
0.275805 0.558679 0.961177
0.279917 0.562633 0.962062
0.284056 0.566576 0.962942
0.288223 0.570509 0.963817
0.292416 0.574430 0.964687
0.296634 0.578341 0.965553
0.300878 0.582241 0.966414
0.305147 0.586131 0.967271
0.309440 0.590010 0.968123
0.313756 0.593880 0.968971
0.318096 0.597739 0.969815
0.322459 0.601589 0.970654
0.326845 0.605429 0.971488
0.331253 0.609259 0.972319
0.335682 0.613080 0.973145
0.340133 0.616891 0.973966
0.344605 0.620693 0.974784
0.349098 0.624487 0.975597
0.353611 0.628271 0.976407
0.358144 0.632046 0.977212
0.362696 0.635812 0.978013
0.367269 0.639570 0.978810
0.371860 0.643318 0.979603
0.376471 0.647059 0.980392
0.385732 0.652891 0.980908
0.394980 0.658701 0.981411
0.404217 0.664488 0.981902
0.413446 0.670254 0.982380
0.422669 0.675997 0.982845
0.431886 0.681720 0.983298
0.441100 0.687422 0.983737
0.450311 0.693104 0.984165
0.459522 0.698765 0.984579
0.468733 0.704407 0.984981
0.477946 0.710029 0.985370
0.487162 0.715632 0.985746
0.496381 0.721216 0.986110
0.505604 0.726782 0.986461
0.514833 0.732329 0.986799
0.524068 0.737858 0.987125
0.533310 0.743370 0.987438
0.542559 0.748864 0.987738
0.551817 0.754340 0.988025
0.561083 0.759800 0.988300
0.570359 0.765242 0.988563
0.579645 0.770668 0.988812
0.588940 0.776077 0.989049
0.598247 0.781470 0.989273
0.607565 0.786846 0.989485
0.616895 0.792207 0.989684
0.626237 0.797552 0.989870
0.635591 0.802881 0.990044
0.644958 0.808195 0.990205
0.654338 0.813493 0.990353
0.663731 0.818776 0.990489
0.673139 0.824043 0.990613
0.682560 0.829296 0.990723
0.691995 0.834534 0.990821
0.701445 0.839757 0.990907
0.710909 0.844966 0.990979
0.720388 0.850160 0.991040
0.729883 0.855340 0.991088
0.739392 0.860505 0.991123
0.748917 0.865656 0.991145
0.758458 0.870793 0.991155
0.768014 0.875916 0.991153
0.777587 0.881025 0.991138
0.787175 0.886121 0.991111
0.796780 0.891202 0.991071
0.806401 0.896270 0.991019
0.816038 0.901324 0.990954
0.825692 0.906365 0.990877
0.835363 0.911392 0.990787
0.845050 0.916406 0.990685
0.854755 0.921406 0.990570
0.864476 0.926393 0.990443
0.874214 0.931367 0.990304
0.883970 0.936328 0.990153
0.893742 0.941276 0.989989
0.903532 0.946211 0.989812
0.913339 0.951132 0.989624
0.923164 0.956041 0.989423
0.933006 0.960937 0.989210
0.942865 0.965820 0.988985
0.952742 0.970690 0.988747
0.962637 0.975547 0.988497
0.972549 0.980392 0.988235
0.962303 0.975418 0.989584
0.952473 0.970256 0.991048
0.943083 0.964905 0.992595
0.934155 0.959363 0.994196
0.925708 0.953629 0.995820
0.917761 0.947702 0.997437
0.910331 0.941583 0.999017
0.903431 0.935272 1.000000
0.897072 0.928770 1.000000
0.891265 0.922078 1.000000
0.886015 0.915198 1.000000
0.881326 0.908133 1.000000
0.877199 0.900886 1.000000
0.873632 0.893459 1.000000
0.870619 0.885857 1.000000
0.868154 0.878084 1.000000
0.866227 0.870143 1.000000
0.864824 0.862041 1.000000
0.863931 0.853781 1.000000
0.863530 0.845371 1.000000
0.863602 0.836814 1.000000
0.864126 0.828118 0.999482
0.865080 0.819289 0.996851
0.866439 0.810334 0.993770
0.868177 0.801259 0.990221
0.870270 0.792071 0.986188
0.872690 0.782777 0.981658
0.875410 0.773385 0.976617
0.878403 0.763902 0.971052
0.881641 0.754336 0.964952
0.885096 0.744694 0.958307
0.888740 0.734984 0.951107
0.892548 0.725213 0.943346
0.896492 0.715389 0.935015
0.900545 0.705520 0.926109
0.904683 0.695613 0.916624
0.908880 0.685677 0.906556
0.913113 0.675717 0.895903
0.917356 0.665743 0.884662
0.921588 0.655762 0.872834
0.925786 0.645781 0.860418
0.929928 0.635807 0.847417
0.933994 0.625848 0.833832
0.937964 0.615913 0.819666
0.941818 0.606007 0.804922
0.945538 0.596140 0.789606
0.949105 0.586318 0.773720
0.952502 0.576550 0.757270
0.955711 0.566844 0.740260
0.958716 0.557209 0.722695
0.961501 0.547653 0.704579
0.964052 0.538186 0.685915
0.966351 0.528817 0.666707
0.968386 0.519556 0.646954
0.970142 0.510415 0.626657
0.971604 0.501405 0.605811
0.972761 0.492537 0.584409
0.973597 0.483827 0.562439
0.974101 0.475286 0.539884
0.974260 0.466931 0.516719
0.974063 0.458776 0.492909
0.973496 0.450839 0.468404
0.972549 0.443137 0.443137
0.970945 0.439296 0.439030
0.969337 0.435445 0.434915
0.967724 0.431584 0.430793
0.966106 0.427713 0.426662
0.964484 0.423832 0.422524
0.962858 0.419940 0.418377
0.961227 0.416036 0.414222
0.959592 0.412121 0.410057
0.957953 0.408194 0.405884
0.956308 0.404254 0.401702
0.954660 0.400302 0.397510
0.953007 0.396336 0.393308
0.951349 0.392357 0.389096
0.949687 0.388363 0.384874
0.948021 0.384354 0.380641
0.946350 0.380330 0.376397
0.944675 0.376290 0.372142
0.942995 0.372234 0.367875
0.941310 0.368160 0.363596
0.939622 0.364069 0.359304
0.937928 0.359959 0.354999
0.936231 0.355830 0.350681
0.934528 0.351681 0.346350
0.932822 0.347511 0.342004
0.931110 0.343320 0.337642
0.929395 0.339106 0.333266
0.927674 0.334869 0.328873
0.925950 0.330607 0.324464
0.924221 0.326320 0.320038
0.922487 0.322006 0.315593
0.920749 0.317665 0.311130
0.919006 0.313295 0.306648
0.917259 0.308895 0.302145
0.915507 0.304463 0.297620
0.913751 0.299997 0.293074
0.911990 0.295497 0.288504
0.910225 0.290961 0.283910
0.908456 0.286387 0.279291
0.906681 0.281772 0.274644
0.904903 0.277115 0.269970
0.903119 0.272414 0.265267
0.901332 0.267665 0.260532
0.899540 0.262867 0.255765
0.897743 0.258017 0.250963
0.895942 0.253111 0.246125
0.894136 0.248147 0.241248
0.892326 0.243120 0.236331
0.890511 0.238027 0.231371
0.888691 0.232863 0.226364
0.886868 0.227623 0.221309
0.885039 0.222302 0.216202
0.883206 0.216895 0.211038
0.881369 0.211394 0.205815
0.879527 0.205793 0.200529
0.877680 0.200082 0.195173
0.875829 0.194254 0.189742
0.873974 0.188297 0.184232
0.872114 0.182198 0.178634
0.870249 0.175946 0.172941
0.868380 0.169522 0.167144
0.866506 0.162909 0.161233
0.864628 0.156083 0.155196
0.862745 0.149020 0.149019
