0.172549 0.062745 0.023529
0.176169 0.065233 0.024606
0.179796 0.067732 0.025710
0.183432 0.070242 0.026840
0.187075 0.072763 0.027998
0.190726 0.075295 0.029183
0.194385 0.077837 0.030395
0.198051 0.080390 0.031635
0.201724 0.082954 0.032901
0.205404 0.085528 0.034195
0.209091 0.088114 0.035517
0.212785 0.090709 0.036865
0.216485 0.093316 0.038241
0.220192 0.095933 0.039645
0.223906 0.098560 0.041062
0.227625 0.101199 0.042469
0.231351 0.103847 0.043873
0.235082 0.106506 0.045275
0.238820 0.109176 0.046675
0.242563 0.111856 0.048073
0.246312 0.114547 0.049468
0.250066 0.117248 0.050861
0.253826 0.119959 0.052251
0.257591 0.122680 0.053639
0.261361 0.125412 0.055025
0.265136 0.128155 0.056409
0.268915 0.130907 0.057790
0.272700 0.133670 0.059168
0.276489 0.136443 0.060544
0.280283 0.139226 0.061918
0.284081 0.142020 0.063289
0.287883 0.144823 0.064657
0.291689 0.147637 0.066024
0.295500 0.150461 0.067387
0.299314 0.153295 0.068748
0.303132 0.156139 0.070107
0.306954 0.158993 0.071463
0.310779 0.161857 0.072817
0.314608 0.164732 0.074168
0.318440 0.167616 0.075517
0.322276 0.170510 0.076864
0.326114 0.173415 0.078208
0.329956 0.176329 0.079549
0.333800 0.179253 0.080888
0.337647 0.182187 0.082225
0.341497 0.185131 0.083559
0.345350 0.188085 0.084891
0.349205 0.191049 0.086221
0.353063 0.194023 0.087548
0.356922 0.197007 0.088873
0.360784 0.200000 0.090196
0.364517 0.202984 0.092423
0.368255 0.205976 0.094650
0.371999 0.208973 0.096879
0.375747 0.211977 0.099110
0.379500 0.214988 0.101341
0.383257 0.218005 0.103575
0.387020 0.221028 0.105809
0.390788 0.224058 0.108046
0.394560 0.227095 0.110284
0.398337 0.230137 0.112524
0.402119 0.233186 0.114766
0.405905 0.236242 0.117009
0.409696 0.239304 0.119255
0.413492 0.242372 0.121503
0.417292 0.245446 0.123752
0.421097 0.248527 0.126004
0.424906 0.251614 0.128257
0.428720 0.254707 0.130513
0.432538 0.257806 0.132771
0.436361 0.260912 0.135031
0.440188 0.264024 0.137293
0.444019 0.267142 0.139558
0.447855 0.270266 0.141825
0.451695 0.273396 0.144094
0.455539 0.276532 0.146365
0.459388 0.279674 0.148638
0.463240 0.282822 0.150914
0.467097 0.285977 0.153193
0.470958 0.289137 0.155473
0.474823 0.292304 0.157756
0.478692 0.295476 0.160041
0.482565 0.298654 0.162329
0.486443 0.301839 0.164619
0.490324 0.305029 0.166912
0.494209 0.308225 0.169206
0.498098 0.311427 0.171504
0.501991 0.314635 0.173803
0.505888 0.317848 0.176105
0.509788 0.321068 0.178410
0.513693 0.324293 0.180717
0.517601 0.327524 0.183026
0.521513 0.330761 0.185338
0.525429 0.334004 0.187653
0.529348 0.337252 0.189969
0.533271 0.340507 0.192289
0.537198 0.343766 0.194610
0.541129 0.347032 0.196934
0.545063 0.350303 0.199261
0.549000 0.353580 0.201590
0.552941 0.356863 0.203921
0.556851 0.360428 0.207151
0.560764 0.363999 0.210382
0.564681 0.367575 0.213615
0.568602 0.371156 0.216849
0.572527 0.374742 0.220085
0.576456 0.378333 0.223324
0.580389 0.381929 0.226564
0.584325 0.385531 0.229807
0.588265 0.389137 0.233051
0.592209 0.392748 0.236298
0.596157 0.396365 0.239548
0.600108 0.399986 0.242800
0.604063 0.403612 0.246054
0.608022 0.407244 0.249311
0.611985 0.410880 0.252571
0.615952 0.414521 0.255833
0.619922 0.418167 0.259098
0.623895 0.421818 0.262366
0.627873 0.425475 0.265637
0.631854 0.429135 0.268911
0.635839 0.432801 0.272187
0.639827 0.436472 0.275467
0.643819 0.440147 0.278750
0.647815 0.443828 0.282036
0.651814 0.447513 0.285324
0.655817 0.451203 0.288617
0.659824 0.454898 0.291912
0.663834 0.458598 0.295210
0.667847 0.462302 0.298512
0.671865 0.466011 0.301817
0.675885 0.469725 0.305125
0.679910 0.473444 0.308436
0.683938 0.477167 0.311751
0.687969 0.480895 0.315069
0.692004 0.484628 0.318391
0.696042 0.488366 0.321716
0.700084 0.492108 0.325044
0.704129 0.495855 0.328376
0.708178 0.499606 0.331711
0.712231 0.503363 0.335050
0.716286 0.507123 0.338392
0.720345 0.510889 0.341737
0.724408 0.514659 0.345086
0.728474 0.518433 0.348439
0.732543 0.522213 0.351795
0.736616 0.525996 0.355154
0.740692 0.529784 0.358517
0.744772 0.533577 0.361884
0.748855 0.537375 0.365254
0.752941 0.541176 0.368627
0.755449 0.545000 0.373289
0.757957 0.548825 0.377949
0.760465 0.552650 0.382609
0.762972 0.556476 0.387268
0.765479 0.560302 0.391928
0.767986 0.564129 0.396588
0.770492 0.567957 0.401248
0.772998 0.571785 0.405908
0.775504 0.575614 0.410570
0.778010 0.579443 0.415232
0.780516 0.583274 0.419896
0.783021 0.587105 0.424561
0.785527 0.590937 0.429227
0.788032 0.594769 0.433895
0.790538 0.598603 0.438565
0.793043 0.602437 0.443237
0.795549 0.606272 0.447910
0.798054 0.610107 0.452586
0.800560 0.613944 0.457264
0.803066 0.617781 0.461945
0.805571 0.621620 0.466628
0.808078 0.625459 0.471314
0.810584 0.629299 0.476003
0.813090 0.633140 0.480694
0.815597 0.636981 0.485388
0.818104 0.640824 0.490086
0.820612 0.644668 0.494786
0.823119 0.648512 0.499490
0.825627 0.652358 0.504197
0.828136 0.656204 0.508908
0.830645 0.660051 0.513622
0.833154 0.663899 0.518339
0.835664 0.667749 0.523060
0.838174 0.671599 0.527785
0.840685 0.675450 0.532513
0.843197 0.679302 0.537245
0.845709 0.683155 0.541981
0.848221 0.687009 0.546721
0.850735 0.690864 0.551465
0.853249 0.694720 0.556213
0.855763 0.698576 0.560965
0.858279 0.702434 0.565721
0.860795 0.706293 0.570481
0.863312 0.710153 0.575245
0.865830 0.714014 0.580014
0.868348 0.717876 0.584787
0.870868 0.721739 0.589564
0.873388 0.725603 0.594345
0.875909 0.729467 0.599131
0.878431 0.733333 0.603921
0.880222 0.737143 0.609079
0.882015 0.740950 0.614242
0.883808 0.744756 0.619411
0.885602 0.748560 0.624585
0.887398 0.752363 0.629765
0.889195 0.756164 0.634951
0.890993 0.759963 0.640142
0.892793 0.763760 0.645339
0.894594 0.767556 0.650542
0.896397 0.771350 0.655751
0.898202 0.775142 0.660965
0.900008 0.778933 0.666186
0.901816 0.782722 0.671412
0.903626 0.786509 0.676644
0.905438 0.790295 0.681882
0.907252 0.794079 0.687126
0.909068 0.797861 0.692376
0.910886 0.801642 0.697632
0.912707 0.805421 0.702894
0.914529 0.809199 0.708162
0.916354 0.812975 0.713436
0.918182 0.816749 0.718717
0.920012 0.820521 0.724003
0.921844 0.824292 0.729295
0.923679 0.828062 0.734594
0.925517 0.831829 0.739898
0.927358 0.835595 0.745209
0.929201 0.839360 0.750526
0.931048 0.843122 0.755849
0.932897 0.846884 0.761178
0.934749 0.850643 0.766513
0.936605 0.854401 0.771855
0.938464 0.858157 0.777202
0.940326 0.861912 0.782556
0.942191 0.865665 0.787916
0.944060 0.869416 0.793282
0.945932 0.873166 0.798654
0.947808 0.876914 0.804032
0.949687 0.880661 0.809417
0.951570 0.884406 0.814808
0.953457 0.888149 0.820204
0.955348 0.891890 0.825607
0.957243 0.895630 0.831017
0.959141 0.899369 0.836432
0.961044 0.903105 0.841853
0.962951 0.906840 0.847281
0.964862 0.910573 0.852714
0.966777 0.914305 0.858154
0.968697 0.918035 0.863600
0.970621 0.921764 0.869052
0.972549 0.925490 0.874510
