0.168627 0.054902 0.043137
0.173028 0.056407 0.044386
0.177444 0.057913 0.045635
0.181876 0.059419 0.046883
0.186325 0.060927 0.048132
0.190788 0.062436 0.049380
0.195267 0.063947 0.050628
0.199762 0.065458 0.051876
0.204272 0.066970 0.053124
0.208796 0.068484 0.054372
0.213336 0.069999 0.055620
0.217890 0.071515 0.056867
0.222459 0.073033 0.058114
0.227042 0.074551 0.059361
0.231640 0.076071 0.060608
0.236252 0.077593 0.061854
0.240878 0.079115 0.063101
0.245518 0.080639 0.064346
0.250172 0.082164 0.065592
0.254839 0.083691 0.066837
0.259520 0.085219 0.068082
0.264215 0.086749 0.069327
0.268923 0.088279 0.070571
0.273644 0.089812 0.071815
0.278379 0.091345 0.073058
0.283126 0.092881 0.074301
0.287887 0.094417 0.075544
0.292660 0.095955 0.076786
0.297446 0.097495 0.078027
0.302245 0.099036 0.079268
0.307057 0.100578 0.080509
0.311880 0.102122 0.081749
0.316717 0.103668 0.082989
0.321565 0.105215 0.084228
0.326426 0.106763 0.085466
0.331299 0.108314 0.086704
0.336183 0.109865 0.087941
0.341080 0.111418 0.089178
0.345989 0.112973 0.090414
0.350909 0.114530 0.091649
0.355841 0.116088 0.092884
0.360784 0.117647 0.094118
0.365912 0.119577 0.095710
0.371052 0.121510 0.097304
0.376204 0.123448 0.098900
0.381369 0.125390 0.100498
0.386546 0.127337 0.102097
0.391735 0.129287 0.103699
0.396936 0.131242 0.105303
0.402149 0.133200 0.106909
0.407374 0.135163 0.108516
0.412610 0.137130 0.110125
0.417859 0.139100 0.111736
0.423119 0.141075 0.113349
0.428390 0.143054 0.114963
0.433673 0.145036 0.116580
0.438967 0.147023 0.118198
0.444273 0.149013 0.119817
0.449589 0.151008 0.121438
0.454917 0.153006 0.123061
0.460257 0.155008 0.124686
0.465607 0.157014 0.126312
0.470968 0.159024 0.127939
0.476340 0.161038 0.129568
0.481722 0.163055 0.131199
0.487116 0.165076 0.132831
0.492520 0.167101 0.134465
0.497935 0.169130 0.136100
0.503360 0.171163 0.137736
0.508796 0.173199 0.139374
0.514243 0.175239 0.141013
0.519699 0.177282 0.142654
0.525166 0.179329 0.144296
0.530644 0.181380 0.145939
0.536131 0.183435 0.147583
0.541629 0.185493 0.149229
0.547137 0.187555 0.150876
0.552654 0.189620 0.152525
0.558182 0.191689 0.154174
0.563720 0.193761 0.155825
0.569268 0.195837 0.157477
0.574825 0.197917 0.159130
0.580392 0.200000 0.160784
0.585859 0.202316 0.162808
0.591336 0.204636 0.164835
0.596822 0.206959 0.166867
0.602317 0.209287 0.168903
0.607822 0.211619 0.170943
0.613335 0.213955 0.172988
0.618858 0.216294 0.175036
0.624390 0.218638 0.177089
0.629931 0.220985 0.179146
0.635480 0.223336 0.181207
0.641039 0.225691 0.183272
0.646607 0.228050 0.185341
0.652183 0.230413 0.187414
0.657769 0.232779 0.189491
0.663363 0.235150 0.191572
0.668966 0.237524 0.193658
0.674577 0.239901 0.195747
0.680197 0.242283 0.197840
0.685826 0.244668 0.199938
0.691464 0.247057 0.202039
0.697110 0.249449 0.204144
0.702764 0.251845 0.206253
0.708427 0.254245 0.208366
0.714098 0.256648 0.210483
0.719778 0.259055 0.212604
0.725466 0.261465 0.214729
0.731162 0.263879 0.216858
0.736867 0.266297 0.218990
0.742580 0.268718 0.221127
0.748301 0.271143 0.223267
0.754030 0.273571 0.225411
0.759768 0.276002 0.227559
0.765513 0.278437 0.229710
0.771267 0.280875 0.231866
0.777028 0.283317 0.234025
0.782798 0.285763 0.236188
0.788575 0.288211 0.238355
0.794361 0.290663 0.240525
0.800154 0.293118 0.242699
0.805956 0.295577 0.244877
0.811765 0.298039 0.247059
0.815863 0.302455 0.251296
0.819961 0.306861 0.255529
0.824061 0.311257 0.259757
0.828161 0.315643 0.263980
0.832262 0.320020 0.268200
0.836363 0.324389 0.272415
0.840465 0.328749 0.276628
0.844568 0.333103 0.280838
0.848671 0.337449 0.285046
0.852775 0.341788 0.289251
0.856880 0.346121 0.293454
0.860986 0.350448 0.297655
0.865092 0.354770 0.301856
0.869199 0.359086 0.306055
0.873307 0.363397 0.310253
0.877416 0.367704 0.314450
0.881525 0.372006 0.318647
0.885635 0.376304 0.322843
0.889746 0.380598 0.327040
0.893858 0.384889 0.331236
0.897970 0.389176 0.335433
0.902084 0.393460 0.339630
0.906198 0.397742 0.343828
0.910313 0.402020 0.348026
0.914428 0.406296 0.352225
0.918545 0.410570 0.356425
0.922662 0.414842 0.360626
0.926780 0.419112 0.364828
0.930899 0.423380 0.369032
0.935019 0.427646 0.373236
0.939139 0.431911 0.377443
0.943261 0.436174 0.381651
0.947383 0.440437 0.385860
0.951506 0.444698 0.390072
0.955630 0.448959 0.394285
0.959755 0.453218 0.398500
0.963881 0.457478 0.402717
0.968007 0.461736 0.406937
0.972135 0.465994 0.411158
0.976263 0.470252 0.415382
0.980392 0.474510 0.419608
0.980976 0.480699 0.426210
0.981541 0.486854 0.432789
0.982088 0.492974 0.439345
0.982617 0.499062 0.445880
0.983127 0.505118 0.452394
0.983618 0.511144 0.458889
0.984090 0.517142 0.465365
0.984544 0.523113 0.471823
0.984978 0.529056 0.478265
0.985394 0.534975 0.484690
0.985790 0.540869 0.491099
0.986167 0.546739 0.497494
0.986525 0.552587 0.503874
0.986863 0.558413 0.510241
0.987182 0.564218 0.516594
0.987481 0.570003 0.522935
0.987760 0.575769 0.529264
0.988020 0.581516 0.535581
0.988259 0.587245 0.541886
0.988478 0.592956 0.548181
0.988678 0.598651 0.554466
0.988856 0.604330 0.560740
0.989015 0.609993 0.567005
0.989153 0.615641 0.573260
0.989270 0.621275 0.579507
0.989366 0.626894 0.585744
0.989442 0.632500 0.591973
0.989496 0.638094 0.598194
0.989530 0.643674 0.604408
0.989542 0.649242 0.610613
0.989533 0.654799 0.616811
0.989502 0.660345 0.623002
0.989450 0.665879 0.629186
0.989376 0.671403 0.635364
0.989280 0.676917 0.641534
0.989161 0.682421 0.647699
0.989021 0.687915 0.653857
0.988859 0.693400 0.660009
0.988673 0.698877 0.666155
0.988466 0.704344 0.672296
0.988235 0.709804 0.678431
0.988723 0.714464 0.683615
0.989198 0.719120 0.688796
0.989659 0.723774 0.693975
0.990107 0.728424 0.699151
0.990541 0.733072 0.704326
0.990962 0.737716 0.709498
0.991369 0.742358 0.714667
0.991762 0.746998 0.719835
0.992141 0.751635 0.725000
0.992507 0.756269 0.730164
0.992858 0.760902 0.735325
0.993196 0.765532 0.740485
0.993520 0.770160 0.745642
0.993829 0.774786 0.750798
0.994125 0.779411 0.755951
0.994406 0.784033 0.761103
0.994673 0.788654 0.766253
0.994925 0.793273 0.771401
0.995163 0.797891 0.776548
0.995387 0.802507 0.781693
0.995596 0.807122 0.786836
0.995791 0.811736 0.791977
0.995971 0.816348 0.797117
0.996136 0.820959 0.802255
0.996287 0.825570 0.807391
0.996422 0.830179 0.812526
0.996543 0.834787 0.817659
0.996649 0.839395 0.822791
0.996739 0.844001 0.827921
0.996815 0.848607 0.833050
0.996875 0.853212 0.838177
0.996920 0.857817 0.843302
0.996950 0.862421 0.848426
0.996964 0.867024 0.853549
0.996962 0.871628 0.858670
0.996946 0.876230 0.863790
0.996913 0.880833 0.868908
0.996865 0.885435 0.874025
0.996800 0.890037 0.879141
0.996720 0.894639 0.884255
0.996624 0.899240 0.889367
0.996512 0.903842 0.894479
0.996384 0.908444 0.899588
0.996239 0.913045 0.904697
0.996078 0.917647 0.909804
