0.007843 0.023529 0.090196
0.008332 0.024533 0.091641
0.008839 0.025563 0.093088
0.009365 0.026618 0.094536
0.009911 0.027699 0.095987
0.010476 0.028807 0.097439
0.011062 0.029941 0.098894
0.011668 0.031102 0.100350
0.012295 0.032290 0.101808
0.012943 0.033506 0.103268
0.013612 0.034749 0.104730
0.014303 0.036021 0.106194
0.015017 0.037321 0.107660
0.015752 0.038649 0.109127
0.016510 0.040007 0.110597
0.017292 0.041372 0.112068
0.018097 0.042732 0.113542
0.018925 0.044095 0.115017
0.019778 0.045459 0.116494
0.020654 0.046826 0.117972
0.021556 0.048194 0.119453
0.022483 0.049564 0.120936
0.023435 0.050936 0.122420
0.024412 0.052310 0.123906
0.025416 0.053687 0.125394
0.026446 0.055065 0.126884
0.027503 0.056445 0.128376
0.028586 0.057827 0.129869
0.029697 0.059211 0.131364
0.030836 0.060598 0.132861
0.032003 0.061986 0.134360
0.033198 0.063377 0.135861
0.034421 0.064769 0.137363
0.035674 0.066164 0.138867
0.036956 0.067561 0.140373
0.038267 0.068960 0.141881
0.039609 0.070361 0.143390
0.040970 0.071764 0.144902
0.042325 0.073169 0.146415
0.043683 0.074576 0.147929
0.045044 0.075986 0.149446
0.046408 0.077397 0.150964
0.047776 0.078811 0.152484
0.049146 0.080227 0.154006
0.050520 0.081645 0.155529
0.051896 0.083065 0.157054
0.053276 0.084487 0.158581
0.054658 0.085911 0.160110
0.056044 0.087337 0.161640
0.057432 0.088766 0.163172
0.058824 0.090196 0.164706
0.062789 0.096340 0.177961
0.066849 0.102494 0.191356
0.071006 0.108657 0.204886
0.075263 0.114830 0.218548
0.079622 0.121011 0.232337
0.084086 0.127200 0.246250
0.088655 0.133396 0.260285
0.093332 0.139600 0.274437
0.098117 0.145810 0.288703
0.103012 0.152026 0.303081
0.108017 0.158248 0.317568
0.113134 0.164474 0.332160
0.118362 0.170705 0.346856
0.123702 0.176939 0.361653
0.129155 0.183177 0.376548
0.134720 0.189418 0.391539
0.140397 0.195661 0.406624
0.146187 0.201905 0.421800
0.152089 0.208151 0.437065
0.158102 0.214397 0.452417
0.164228 0.220644 0.467855
0.170464 0.226891 0.483375
0.176812 0.233137 0.498977
0.183270 0.239381 0.514659
0.189837 0.245624 0.530418
0.196515 0.251865 0.546252
0.203301 0.258104 0.562161
0.210196 0.264340 0.578143
0.217200 0.270572 0.594195
0.224310 0.276800 0.610317
0.231527 0.283025 0.626506
0.238851 0.289244 0.642761
0.246281 0.295459 0.659081
0.253815 0.301668 0.675465
0.261455 0.307872 0.691910
0.269198 0.314069 0.708415
0.277045 0.320260 0.724980
0.284995 0.326445 0.741602
0.293048 0.332622 0.758280
0.301202 0.338791 0.775013
0.309458 0.344953 0.791800
0.317814 0.351106 0.808640
0.326271 0.357251 0.825531
0.334828 0.363387 0.842471
0.343484 0.369514 0.859461
0.352238 0.375631 0.876498
0.361091 0.381739 0.893581
0.370042 0.387836 0.910710
0.379090 0.393923 0.927882
0.388235 0.400000 0.945098
0.404352 0.396819 0.945057
0.420001 0.393654 0.944690
0.435233 0.390506 0.943997
0.450089 0.387379 0.942979
0.464603 0.384272 0.941638
0.478804 0.381187 0.939975
0.492717 0.378126 0.937991
0.506364 0.375089 0.935689
0.519762 0.372077 0.933072
0.532928 0.369092 0.930140
0.545875 0.366133 0.926897
0.558616 0.363201 0.923346
0.571160 0.360297 0.919489
0.583516 0.357420 0.915330
0.595692 0.354572 0.910872
0.607696 0.351752 0.906118
0.619532 0.348960 0.901072
0.631206 0.346197 0.895739
0.642722 0.343463 0.890121
0.654083 0.340758 0.884224
0.665293 0.338082 0.878051
0.676354 0.335436 0.871606
0.687269 0.332820 0.864895
0.698038 0.330234 0.857922
0.708663 0.327680 0.850690
0.719145 0.325158 0.843207
0.729483 0.322669 0.835475
0.739679 0.320215 0.827500
0.749732 0.317797 0.819287
0.759642 0.315418 0.810840
0.769408 0.313079 0.802166
0.779029 0.310783 0.793268
0.788504 0.308533 0.784151
0.797832 0.306333 0.774821
0.807011 0.304185 0.765282
0.816040 0.302096 0.755540
0.824917 0.300068 0.745597
0.833640 0.298108 0.735461
0.842207 0.296220 0.725133
0.850616 0.294412 0.714620
0.858865 0.292689 0.703924
0.866952 0.291060 0.693050
0.874873 0.289530 0.682002
0.882627 0.288109 0.670782
0.890212 0.286805 0.659393
0.897623 0.285626 0.647839
0.904859 0.284582 0.636121
0.911918 0.283682 0.624241
0.918796 0.282936 0.612200
0.925490 0.282353 0.600000
0.936983 0.288905 0.586966
0.948101 0.295817 0.573800
0.958837 0.303093 0.560509
0.969186 0.310733 0.547098
0.979142 0.318736 0.533572
0.988699 0.327100 0.519934
0.997852 0.335818 0.506188
1.000000 0.344885 0.492336
1.000000 0.354292 0.478380
1.000000 0.364029 0.464318
1.000000 0.374087 0.450153
1.000000 0.384454 0.435882
1.000000 0.395117 0.421504
1.000000 0.406063 0.407016
1.000000 0.417279 0.392417
1.000000 0.428752 0.377702
1.000000 0.440466 0.362869
1.000000 0.452407 0.347914
1.000000 0.464562 0.332833
1.000000 0.476916 0.317624
1.000000 0.489455 0.302284
1.000000 0.502164 0.286814
1.000000 0.515031 0.271214
1.000000 0.528040 0.255490
1.000000 0.541178 0.239653
1.000000 0.554433 0.223721
1.000000 0.567792 0.207722
1.000000 0.581241 0.191702
1.000000 0.594769 0.175731
1.000000 0.608363 0.159913
1.000000 0.622012 0.144408
1.000000 0.635705 0.129453
1.000000 0.649430 0.115400
1.000000 0.663176 0.102759
1.000000 0.676934 0.092227
1.000000 0.690693 0.084665
1.000000 0.704443 0.080949
1.000000 0.718174 0.081681
1.000000 0.731878 0.086921
1.000000 0.745546 0.096178
1.000000 0.759168 0.108662
1.000000 0.772737 0.123566
1.000000 0.786244 0.140222
1.000000 0.799681 0.158136
1.000000 0.813041 0.176956
1.000000 0.826316 0.196443
1.000000 0.839500 0.216432
1.000000 0.852584 0.236808
1.000000 0.865564 0.257493
0.992157 0.878431 0.278431
0.992138 0.879736 0.285353
0.992122 0.881038 0.292129
0.992110 0.882337 0.298770
0.992101 0.883633 0.305283
0.992096 0.884926 0.311678
0.992095 0.886216 0.317962
0.992097 0.887503 0.324142
0.992102 0.888786 0.330223
0.992112 0.890067 0.336212
0.992125 0.891345 0.342114
0.992142 0.892619 0.347933
0.992162 0.893891 0.353673
0.992187 0.895159 0.359340
0.992215 0.896425 0.364935
0.992246 0.897688 0.370463
0.992282 0.898947 0.375926
0.992321 0.900204 0.381329
0.992365 0.901457 0.386673
0.992412 0.902708 0.391960
0.992463 0.903956 0.397195
0.992518 0.905200 0.402377
0.992576 0.906442 0.407511
0.992639 0.907681 0.412597
0.992706 0.908916 0.417637
0.992776 0.910149 0.422634
0.992851 0.911379 0.427589
0.992930 0.912606 0.432503
0.993013 0.913830 0.437378
0.993100 0.915051 0.442215
0.993190 0.916269 0.447016
0.993285 0.917484 0.451782
0.993385 0.918696 0.456513
0.993488 0.919905 0.461212
0.993595 0.921112 0.465879
0.993707 0.922315 0.470515
0.993823 0.923516 0.475121
0.993943 0.924713 0.479699
0.994067 0.925908 0.484248
0.994196 0.927100 0.488770
0.994329 0.928289 0.493266
0.994466 0.929475 0.497736
0.994607 0.930658 0.502182
0.994753 0.931838 0.506603
0.994903 0.933015 0.511000
0.995058 0.934190 0.515375
0.995217 0.935362 0.519728
0.995380 0.936530 0.524058
0.995548 0.937696 0.528368
0.995720 0.938859 0.532657
0.995897 0.940019 0.536927
0.996078 0.941176 0.541176
