0.066667 0.066667 0.066667
0.081265 0.075378 0.071330
0.096025 0.084140 0.075907
0.110960 0.092955 0.080399
0.126073 0.101825 0.084807
0.141367 0.110750 0.089134
0.156840 0.119731 0.093381
0.172491 0.128769 0.097549
0.188317 0.137863 0.101640
0.204314 0.147013 0.105654
0.220480 0.156220 0.109593
0.236811 0.165482 0.113457
0.253302 0.174800 0.117247
0.269951 0.184172 0.120964
0.286754 0.193600 0.124608
0.303707 0.203081 0.128180
0.320808 0.212616 0.131680
0.338052 0.222203 0.135109
0.355437 0.231843 0.138468
0.372960 0.241535 0.141755
0.390618 0.251277 0.144972
0.408409 0.261071 0.148119
0.426328 0.270914 0.151196
0.444375 0.280807 0.154203
0.462547 0.290748 0.157139
0.480841 0.300738 0.160006
0.499255 0.310775 0.162802
0.517786 0.320860 0.165528
0.536434 0.330991 0.168184
0.555195 0.341169 0.170769
0.574068 0.351392 0.173282
0.593051 0.361660 0.175725
0.612142 0.371973 0.178096
0.631340 0.382330 0.180395
0.650642 0.392730 0.182621
0.670048 0.403173 0.184775
0.689555 0.413660 0.186855
0.709162 0.424188 0.188861
0.728867 0.434758 0.190792
0.748670 0.445369 0.192648
0.768568 0.456022 0.194428
0.788561 0.466715 0.196131
0.808648 0.477447 0.197757
0.828826 0.488220 0.199304
0.849094 0.499032 0.200771
0.869453 0.509882 0.202158
0.889900 0.520772 0.203463
0.910434 0.531699 0.204685
0.931054 0.542664 0.205824
0.951759 0.553666 0.206877
0.972549 0.564706 0.207843
0.973191 0.570783 0.211279
0.973801 0.576844 0.214873
0.974381 0.582887 0.218622
0.974931 0.588914 0.222519
0.975452 0.594925 0.226560
0.975945 0.600918 0.230741
0.976409 0.606895 0.235056
0.976845 0.612855 0.239500
0.977255 0.618798 0.244069
0.977639 0.624724 0.248758
0.977997 0.630634 0.253563
0.978331 0.636526 0.258479
0.978640 0.642402 0.263502
0.978925 0.648260 0.268629
0.979188 0.654102 0.273854
0.979429 0.659926 0.279175
0.979649 0.665733 0.284588
0.979848 0.671523 0.290089
0.980027 0.677295 0.295675
0.980187 0.683050 0.301343
0.980329 0.688787 0.307089
0.980453 0.694506 0.312912
0.980561 0.700208 0.318807
0.980652 0.705892 0.324773
0.980729 0.711558 0.330806
0.980791 0.717206 0.336906
0.980840 0.722835 0.343068
0.980877 0.728447 0.349291
0.980901 0.734040 0.355573
0.980915 0.739614 0.361911
0.980919 0.745170 0.368304
0.980915 0.750707 0.374750
0.980902 0.756225 0.381247
0.980882 0.761725 0.387793
0.980855 0.767205 0.394387
0.980824 0.772667 0.401027
0.980788 0.778109 0.407712
0.980749 0.783531 0.414439
0.980708 0.788935 0.421208
0.980665 0.794319 0.428017
0.980622 0.799683 0.434865
0.980580 0.805027 0.441750
0.980539 0.810351 0.448672
0.980502 0.815656 0.455629
0.980468 0.820940 0.462619
0.980439 0.826205 0.469642
0.980415 0.831449 0.476697
0.980399 0.836673 0.483782
0.980391 0.841876 0.490896
0.980392 0.847059 0.498039
0.973321 0.848708 0.497362
0.966160 0.850349 0.496926
0.958910 0.851982 0.496731
0.951573 0.853605 0.496777
0.944150 0.855216 0.497061
0.936644 0.856813 0.497581
0.929055 0.858394 0.498336
0.921385 0.859960 0.499323
0.913637 0.861507 0.500538
0.905812 0.863034 0.501979
0.897911 0.864541 0.503641
0.889938 0.866024 0.505521
0.881892 0.867484 0.507613
0.873778 0.868918 0.509915
0.865596 0.870326 0.512421
0.857348 0.871705 0.515125
0.849037 0.873055 0.518024
0.840664 0.874374 0.521111
0.832233 0.875661 0.524381
0.823744 0.876915 0.527829
0.815201 0.878135 0.531448
0.806606 0.879319 0.535234
0.797961 0.880466 0.539181
0.789268 0.881575 0.543282
0.780530 0.882645 0.547532
0.771750 0.883675 0.551925
0.762931 0.884664 0.556456
0.754074 0.885611 0.561119
0.745183 0.886514 0.565907
0.736261 0.887374 0.570816
0.727311 0.888188 0.575840
0.718336 0.888957 0.580973
0.709339 0.889679 0.586210
0.700323 0.890354 0.591546
0.691293 0.890980 0.596975
0.682251 0.891556 0.602492
0.673201 0.892084 0.608091
0.664148 0.892560 0.613769
0.655094 0.892985 0.619520
0.646045 0.893359 0.625339
0.637005 0.893679 0.631221
0.627978 0.893947 0.637162
0.618969 0.894161 0.643157
0.609984 0.894321 0.649202
0.601026 0.894426 0.655293
0.592102 0.894476 0.661424
0.583218 0.894471 0.667592
0.574379 0.894410 0.673792
0.565592 0.894292 0.680021
0.556863 0.894118 0.686274
0.540173 0.885422 0.686192
0.523645 0.876659 0.686062
0.507284 0.867829 0.685878
0.491096 0.858933 0.685632
0.475085 0.849974 0.685319
0.459259 0.840951 0.684933
0.443621 0.831866 0.684467
0.428179 0.822721 0.683917
0.412939 0.813516 0.683277
0.397908 0.804254 0.682541
0.383092 0.794935 0.681706
0.368499 0.785562 0.680767
0.354138 0.776135 0.679718
0.340016 0.766657 0.678556
0.326144 0.757129 0.677277
0.312531 0.747552 0.675878
0.299189 0.737930 0.674353
0.286129 0.728263 0.672701
0.273364 0.718553 0.670918
0.260909 0.708802 0.669000
0.248779 0.699013 0.666946
0.236992 0.689187 0.664752
0.225567 0.679326 0.662416
0.214525 0.669432 0.659936
0.203888 0.659507 0.657309
0.193681 0.649554 0.654534
0.183930 0.639574 0.651608
0.174665 0.629570 0.648531
0.165914 0.619543 0.645300
0.157709 0.609497 0.641915
0.150080 0.599432 0.638374
0.143057 0.589352 0.634677
0.136669 0.579259 0.630822
0.130939 0.569155 0.626809
0.125886 0.559042 0.622638
0.121521 0.548922 0.618307
0.117847 0.538798 0.613818
0.114855 0.528672 0.609169
0.112526 0.518547 0.604362
0.110831 0.508424 0.599396
0.109730 0.498306 0.594272
0.109177 0.488195 0.588990
0.109116 0.478094 0.583551
0.109491 0.468005 0.577956
0.110241 0.457929 0.572206
0.111308 0.447870 0.566303
0.112634 0.437830 0.560246
0.114165 0.427811 0.554039
0.115852 0.417814 0.547681
0.117647 0.407843 0.541176
0.118578 0.400489 0.530754
0.119396 0.393157 0.520367
0.120104 0.385849 0.510018
0.120708 0.378563 0.499705
0.121210 0.371300 0.489429
0.121614 0.364060 0.479192
0.121924 0.356844 0.468992
0.122143 0.349652 0.458831
0.122272 0.342484 0.448709
0.122316 0.335340 0.438626
0.122276 0.328220 0.428583
0.122154 0.321125 0.418581
0.121953 0.314055 0.408620
0.121674 0.307011 0.398699
0.121320 0.299991 0.388821
0.120892 0.292997 0.378985
0.120391 0.286029 0.369192
0.119819 0.279088 0.359442
0.119177 0.272172 0.349736
0.118467 0.265284 0.340075
0.117690 0.258422 0.330458
0.116847 0.251588 0.320888
0.115939 0.244781 0.311364
0.114967 0.238002 0.301887
0.113931 0.231251 0.292457
0.112834 0.224529 0.283076
0.111675 0.217835 0.273744
0.110456 0.211171 0.264462
0.109176 0.204536 0.255230
0.107838 0.197931 0.246050
0.106440 0.191355 0.236921
0.104985 0.184811 0.227846
0.103471 0.178297 0.218824
0.101901 0.171814 0.209856
0.100274 0.165362 0.200945
0.098590 0.158942 0.192089
0.096850 0.152555 0.183291
0.095054 0.146199 0.174551
0.093202 0.139877 0.165870
0.091295 0.133588 0.157249
0.089333 0.127332 0.148690
0.087316 0.121110 0.140192
0.085243 0.114922 0.131758
0.083115 0.108768 0.123388
0.080932 0.102649 0.115083
0.078694 0.096564 0.106845
0.076401 0.090515 0.098673
0.074051 0.084500 0.090569
0.071646 0.078521 0.082533
0.069185 0.072576 0.074565
0.066667 0.066667 0.066667
