0.007843 0.039216 0.101961
0.008166 0.041272 0.105404
0.008494 0.043329 0.108862
0.008828 0.045395 0.112333
0.009169 0.047471 0.115819
0.009514 0.049556 0.119318
0.009866 0.051651 0.122831
0.010222 0.053754 0.126358
0.010584 0.055867 0.129897
0.010951 0.057989 0.133450
0.011323 0.060120 0.137015
0.011699 0.062259 0.140594
0.012080 0.064408 0.144184
0.012466 0.066565 0.147788
0.012855 0.068731 0.151403
0.013249 0.070905 0.155031
0.013646 0.073088 0.158670
0.014047 0.075280 0.162322
0.014451 0.077479 0.165985
0.014858 0.079687 0.169660
0.015268 0.081904 0.173346
0.015681 0.084128 0.177043
0.016096 0.086361 0.180752
0.016514 0.088602 0.184471
0.016933 0.090850 0.188202
0.017354 0.093107 0.191944
0.017776 0.095372 0.195696
0.018200 0.097644 0.199459
0.018624 0.099925 0.203232
0.019049 0.102213 0.207016
0.019474 0.104509 0.210809
0.019899 0.106812 0.214614
0.020323 0.109123 0.218428
0.020747 0.111442 0.222252
0.021170 0.113768 0.226086
0.021592 0.116101 0.229930
0.022012 0.118442 0.233783
0.022430 0.120791 0.237646
0.022846 0.123146 0.241519
0.023259 0.125510 0.245401
0.023669 0.127880 0.249292
0.024076 0.130257 0.253193
0.024479 0.132642 0.257102
0.024878 0.135034 0.261021
0.025272 0.137433 0.264949
0.025662 0.139839 0.268885
0.026046 0.142252 0.272830
0.026425 0.144672 0.276785
0.026798 0.147098 0.280747
0.027164 0.149532 0.284719
0.027523 0.151973 0.288698
0.027875 0.154421 0.292687
0.028220 0.156875 0.296683
0.028556 0.159336 0.300688
0.028884 0.161804 0.304701
0.029202 0.164279 0.308722
0.029512 0.166760 0.312752
0.029811 0.169248 0.316789
0.030100 0.171742 0.320834
0.030378 0.174244 0.324887
0.030645 0.176751 0.328948
0.030900 0.179266 0.333016
0.031143 0.181786 0.337093
0.031373 0.184314 0.341176
0.031111 0.187461 0.343783
0.030852 0.190611 0.346382
0.030598 0.193764 0.348973
0.030350 0.196921 0.351558
0.030108 0.200081 0.354135
0.029874 0.203244 0.356704
0.029648 0.206411 0.359266
0.029433 0.209580 0.361821
0.029230 0.212753 0.364368
0.029039 0.215929 0.366908
0.028863 0.219108 0.369440
0.028701 0.222291 0.371964
0.028557 0.225477 0.374481
0.028431 0.228666 0.376990
0.028325 0.231858 0.379491
0.028240 0.235053 0.381985
0.028178 0.238251 0.384471
0.028141 0.241453 0.386949
0.028129 0.244657 0.389420
0.028145 0.247865 0.391882
0.028191 0.251076 0.394337
0.028267 0.254290 0.396784
0.028376 0.257506 0.399222
0.028520 0.260726 0.401654
0.028700 0.263949 0.404077
0.028919 0.267174 0.406492
0.029177 0.270403 0.408899
0.029478 0.273634 0.411298
0.029823 0.276868 0.413690
0.030213 0.280105 0.416073
0.030652 0.283344 0.418448
0.031141 0.286587 0.420815
0.031682 0.289832 0.423174
0.032277 0.293079 0.425526
0.032929 0.296330 0.427869
0.033640 0.299582 0.430204
0.034412 0.302838 0.432531
0.035246 0.306096 0.434849
0.036147 0.309356 0.437160
0.037116 0.312619 0.439463
0.038155 0.315884 0.441758
0.039266 0.319151 0.444044
0.040453 0.322421 0.446323
0.041686 0.325693 0.448593
0.042973 0.328967 0.450855
0.044313 0.332243 0.453109
0.045707 0.335522 0.455355
0.047154 0.338802 0.457593
0.048652 0.342085 0.459823
0.050200 0.345370 0.462045
0.051799 0.348656 0.464259
0.053446 0.351945 0.466464
0.055141 0.355236 0.468662
0.056883 0.358528 0.470851
0.058671 0.361822 0.473033
0.060503 0.365118 0.475206
0.062380 0.368416 0.477372
0.064300 0.371715 0.479529
0.066261 0.375016 0.481678
0.068264 0.378318 0.483820
0.070307 0.381623 0.485953
0.072389 0.384928 0.488079
0.074510 0.388235 0.490196
0.075771 0.391938 0.492908
0.077071 0.395645 0.495609
0.078411 0.399357 0.498300
0.079790 0.403072 0.500981
0.081209 0.406792 0.503650
0.082668 0.410516 0.506310
0.084167 0.414244 0.508958
0.085706 0.417976 0.511596
0.087285 0.421712 0.514223
0.088905 0.425452 0.516840
0.090564 0.429196 0.519445
0.092264 0.432943 0.522040
0.094004 0.436694 0.524623
0.095785 0.440448 0.527196
0.097605 0.444207 0.529758
0.099465 0.447968 0.532308
0.101364 0.451733 0.534848
0.103303 0.455501 0.537376
0.105282 0.459273 0.539893
0.107300 0.463048 0.542399
0.109356 0.466825 0.544893
0.111452 0.470606 0.547377
0.113585 0.474390 0.549849
0.115757 0.478177 0.552309
0.117967 0.481967 0.554759
0.120215 0.485759 0.557196
0.122501 0.489555 0.559623
0.124823 0.493352 0.562038
0.127182 0.497153 0.564441
0.129579 0.500956 0.566833
0.132011 0.504761 0.569213
0.134480 0.508569 0.571582
0.136984 0.512380 0.573939
0.139524 0.516192 0.576285
0.142099 0.520007 0.578619
0.144710 0.523824 0.580941
0.147355 0.527643 0.583252
0.150034 0.531463 0.585551
0.152747 0.535286 0.587838
0.155495 0.539111 0.590113
0.158276 0.542938 0.592377
0.161090 0.546766 0.594629
0.163937 0.550596 0.596870
0.166818 0.554428 0.599099
0.169730 0.558261 0.601316
0.172675 0.562096 0.603521
0.175652 0.565932 0.605714
0.178661 0.569769 0.607896
0.181701 0.573608 0.610066
0.184773 0.577448 0.612224
0.187876 0.581289 0.614371
0.191009 0.585131 0.616506
0.194174 0.588975 0.618629
0.197368 0.592819 0.620740
0.200593 0.596664 0.622839
0.203847 0.600510 0.624927
0.207132 0.604357 0.627004
0.210446 0.608204 0.629068
0.213789 0.612053 0.631121
0.217161 0.615902 0.633162
0.220563 0.619751 0.635191
0.223993 0.623601 0.637209
0.227451 0.627451 0.639216
0.232778 0.632091 0.643233
0.238073 0.636737 0.647254
0.243337 0.641388 0.651278
0.248572 0.646045 0.655305
0.253781 0.650706 0.659335
0.258965 0.655373 0.663368
0.264127 0.660045 0.667405
0.269268 0.664723 0.671444
0.274388 0.669405 0.675487
0.279491 0.674093 0.679532
0.284576 0.678786 0.683581
0.289645 0.683484 0.687632
0.294700 0.688187 0.691687
0.299741 0.692895 0.695744
0.304768 0.697608 0.699805
0.309784 0.702326 0.703869
0.314789 0.707049 0.707935
0.319784 0.711778 0.712004
0.324769 0.716511 0.716077
0.329745 0.721249 0.720152
0.334713 0.725992 0.724231
0.339673 0.730740 0.728312
0.344626 0.735493 0.732396
0.349573 0.740251 0.736483
0.354514 0.745013 0.740573
0.359450 0.749781 0.744666
0.364380 0.754553 0.748761
0.369306 0.759330 0.752860
0.374228 0.764112 0.756961
0.379147 0.768899 0.761065
0.384062 0.773690 0.765172
0.388974 0.778486 0.769282
0.393883 0.783287 0.773395
0.398791 0.788092 0.777510
0.403696 0.792902 0.781628
0.408600 0.797717 0.785749
0.413502 0.802537 0.789873
0.418404 0.807361 0.794000
0.423304 0.812189 0.798129
0.428204 0.817023 0.802261
0.433103 0.821860 0.806396
0.438003 0.826703 0.810533
0.442902 0.831550 0.814674
0.447802 0.836401 0.818817
0.452703 0.841257 0.822962
0.457604 0.846117 0.827111
0.462505 0.850982 0.831262
0.467408 0.855851 0.835416
0.472312 0.860725 0.839572
0.477218 0.865603 0.843731
0.482125 0.870485 0.847893
0.487034 0.875372 0.852057
0.491944 0.880264 0.856224
0.496857 0.885159 0.860394
0.501771 0.890059 0.864566
0.506688 0.894963 0.868741
0.511607 0.899872 0.872919
0.516529 0.904784 0.877099
0.521453 0.909701 0.881282
0.526379 0.914623 0.885467
0.531309 0.919548 0.889655
0.536241 0.924478 0.893846
0.541177 0.929412 0.898039
