0.043137 0.309804 0.290196
0.046133 0.315344 0.295590
0.049111 0.320901 0.301003
0.052074 0.326474 0.306435
0.055025 0.332063 0.311885
0.057964 0.337667 0.317354
0.060893 0.343288 0.322841
0.063814 0.348925 0.328346
0.066727 0.354577 0.333870
0.069634 0.360244 0.339411
0.072536 0.365927 0.344970
0.075432 0.371625 0.350547
0.078325 0.377338 0.356141
0.081214 0.383065 0.361753
0.084101 0.388808 0.367383
0.086985 0.394565 0.373029
0.089868 0.400337 0.378693
0.092749 0.406124 0.384374
0.095630 0.411924 0.390072
0.098510 0.417739 0.395787
0.101390 0.423568 0.401518
0.104271 0.429411 0.407267
0.107152 0.435268 0.413032
0.110034 0.441139 0.418813
0.112916 0.447023 0.424611
0.115800 0.452921 0.430425
0.118686 0.458833 0.436256
0.121573 0.464758 0.442103
0.124462 0.470696 0.447965
0.127353 0.476647 0.453844
0.130246 0.482612 0.459739
0.133141 0.488590 0.465650
0.136038 0.494580 0.471576
0.138939 0.500584 0.477518
0.141841 0.506600 0.483476
0.144747 0.512629 0.489449
0.147655 0.518670 0.495438
0.150566 0.524724 0.501442
0.153481 0.530791 0.507461
0.156398 0.536869 0.513496
0.159318 0.542960 0.519546
0.162242 0.549064 0.525611
0.165169 0.555179 0.531691
0.168099 0.561307 0.537786
0.171032 0.567446 0.543896
0.173969 0.573597 0.550021
0.176909 0.579760 0.556161
0.179853 0.585935 0.562315
0.182801 0.592122 0.568485
0.185751 0.598320 0.574668
0.188706 0.604529 0.580867
0.191664 0.610751 0.587080
0.194626 0.616983 0.593307
0.197591 0.623227 0.599549
0.200560 0.629482 0.605805
0.203533 0.635748 0.612075
0.206510 0.642026 0.618360
0.209490 0.648314 0.624658
0.212474 0.654614 0.630971
0.215462 0.660924 0.637298
0.218453 0.667246 0.643639
0.221449 0.673578 0.649994
0.224448 0.679921 0.656362
0.227451 0.686275 0.662745
0.248067 0.690893 0.661210
0.267633 0.695445 0.659792
0.286350 0.699935 0.658497
0.304364 0.704362 0.657333
0.321785 0.708731 0.656305
0.338694 0.713042 0.655419
0.355155 0.717297 0.654680
0.371220 0.721499 0.654096
0.386929 0.725650 0.653670
0.402314 0.729753 0.653410
0.417404 0.733808 0.653320
0.432219 0.737819 0.653405
0.446779 0.741788 0.653671
0.461099 0.745717 0.654122
0.475192 0.749609 0.654763
0.489069 0.753466 0.655598
0.502738 0.757291 0.656631
0.516207 0.761085 0.657866
0.529483 0.764852 0.659306
0.542571 0.768594 0.660956
0.555476 0.772314 0.662817
0.568201 0.776013 0.664893
0.580749 0.779695 0.667186
0.593123 0.783363 0.669697
0.605325 0.787018 0.672430
0.617357 0.790664 0.675384
0.629219 0.794303 0.678562
0.640912 0.797937 0.681963
0.652438 0.801570 0.685589
0.663796 0.805203 0.689438
0.674987 0.808840 0.693512
0.686011 0.812483 0.697809
0.696867 0.816135 0.702329
0.707555 0.819798 0.707069
0.718075 0.823475 0.712029
0.728427 0.827168 0.717207
0.738608 0.830880 0.722600
0.748620 0.834613 0.728205
0.758460 0.838369 0.734021
0.768129 0.842152 0.740044
0.777625 0.845964 0.746271
0.786948 0.849806 0.752698
0.796097 0.853681 0.759321
0.805070 0.857591 0.766136
0.813867 0.861539 0.773139
0.822487 0.865527 0.780326
0.830929 0.869556 0.787692
0.839192 0.873630 0.795232
0.847275 0.877749 0.802941
0.855178 0.881915 0.810814
0.862900 0.886131 0.818846
0.870439 0.890399 0.827031
0.877795 0.894720 0.835363
0.884968 0.899095 0.843837
0.891957 0.903527 0.852447
0.898761 0.908016 0.861187
0.905380 0.912565 0.870051
0.911812 0.917175 0.879033
0.918059 0.921846 0.888127
0.924119 0.926581 0.897325
0.929992 0.931380 0.906623
0.935678 0.936245 0.916014
0.941176 0.941176 0.925490
0.937237 0.936840 0.914533
0.933471 0.932442 0.903524
0.929876 0.927981 0.892467
0.926451 0.923458 0.881364
0.923195 0.918872 0.870218
0.920105 0.914223 0.859032
0.917179 0.909511 0.847808
0.914416 0.904736 0.836548
0.911812 0.899896 0.825256
0.909366 0.894993 0.813933
0.907075 0.890026 0.802583
0.904935 0.884995 0.791208
0.902945 0.879900 0.779810
0.901100 0.874740 0.768392
0.899399 0.869515 0.756957
0.897836 0.864226 0.745506
0.896410 0.858872 0.734042
0.895116 0.853453 0.722568
0.893951 0.847969 0.711086
0.892910 0.842420 0.699599
0.891992 0.836806 0.688107
0.891190 0.831126 0.676615
0.890502 0.825382 0.665124
0.889924 0.819572 0.653636
0.889451 0.813696 0.642154
0.889079 0.807756 0.630679
0.888804 0.801750 0.619214
0.888623 0.795678 0.607761
0.888530 0.789542 0.596322
0.888522 0.783339 0.584898
0.888595 0.777072 0.573493
0.888744 0.770738 0.562107
0.888964 0.764339 0.550742
0.889253 0.757875 0.539401
0.889606 0.751345 0.528085
0.890018 0.744749 0.516796
0.890486 0.738088 0.505536
0.891005 0.731361 0.494305
0.891572 0.724568 0.483107
0.892182 0.717709 0.471942
0.892831 0.710784 0.460812
0.893517 0.703793 0.449719
0.894233 0.696736 0.438663
0.894978 0.689613 0.427647
0.895746 0.682423 0.416671
0.896536 0.675166 0.405737
0.897341 0.667842 0.394847
0.898161 0.660451 0.384000
0.898989 0.652992 0.373200
0.899824 0.645466 0.362447
0.900662 0.637871 0.351741
0.901500 0.630207 0.341085
0.902334 0.622474 0.330479
0.903161 0.614672 0.319924
0.903978 0.606798 0.309422
0.904782 0.598854 0.298974
0.905570 0.590838 0.288581
0.906339 0.582749 0.278244
0.907086 0.574587 0.267964
0.907809 0.566349 0.257743
0.908505 0.558036 0.247583
0.909171 0.549646 0.237485
0.909804 0.541176 0.227451
0.903854 0.536608 0.225071
0.897908 0.532048 0.222691
0.891966 0.527496 0.220310
0.886029 0.522953 0.217929
0.880096 0.518419 0.215548
0.874167 0.513893 0.213166
0.868242 0.509375 0.210784
0.862322 0.504866 0.208401
0.856407 0.500366 0.206018
0.850496 0.495874 0.203634
0.844590 0.491391 0.201250
0.838688 0.486916 0.198865
0.832791 0.482450 0.196479
0.826899 0.477993 0.194093
0.821011 0.473544 0.191705
0.815129 0.469104 0.189317
0.809251 0.464673 0.186928
0.803378 0.460250 0.184539
0.797510 0.455836 0.182148
0.791648 0.451431 0.179756
0.785790 0.447035 0.177363
0.779937 0.442648 0.174970
0.774090 0.438269 0.172575
0.768248 0.433899 0.170179
0.762411 0.429539 0.167781
0.756580 0.425187 0.165382
0.750754 0.420843 0.162982
0.744933 0.416509 0.160580
0.739118 0.412184 0.158177
0.733308 0.407868 0.155772
0.727505 0.403560 0.153366
0.721706 0.399262 0.150957
0.715914 0.394973 0.148547
0.710127 0.390692 0.146135
0.704347 0.386421 0.143720
0.698572 0.382159 0.141304
0.692803 0.377906 0.138885
0.687040 0.373662 0.136463
0.681283 0.369427 0.134039
0.675532 0.365202 0.131612
0.669788 0.360985 0.129183
0.664049 0.356778 0.126750
0.658317 0.352580 0.124314
0.652592 0.348391 0.121874
0.646872 0.344212 0.119431
0.641160 0.340041 0.116985
0.635454 0.335880 0.114534
0.629754 0.331729 0.112079
0.624061 0.327587 0.109619
0.618375 0.323454 0.107154
0.612696 0.319330 0.104685
0.607023 0.315216 0.102210
0.601358 0.311111 0.099729
0.595699 0.307016 0.097242
0.590048 0.302931 0.094749
0.584403 0.298854 0.092249
0.578766 0.294788 0.089741
0.573136 0.290730 0.087226
0.567514 0.286683 0.084702
0.561899 0.282645 0.082169
0.556291 0.278616 0.079627
0.550691 0.274597 0.077074
0.545098 0.270588 0.074510
