0.039216 0.039216 0.117647
0.041348 0.040672 0.121325
0.043498 0.042115 0.125012
0.045675 0.043554 0.128708
0.047880 0.044989 0.132411
0.050111 0.046420 0.136123
0.052370 0.047847 0.139842
0.054655 0.049270 0.143568
0.056966 0.050689 0.147301
0.059304 0.052104 0.151040
0.061669 0.053514 0.154785
0.064059 0.054920 0.158536
0.066476 0.056322 0.162293
0.068918 0.057719 0.166054
0.071387 0.059112 0.169820
0.073881 0.060500 0.173590
0.076400 0.061884 0.177364
0.078945 0.063263 0.181143
0.081515 0.064637 0.184924
0.084111 0.066007 0.188708
0.086731 0.067372 0.192495
0.089377 0.068732 0.196285
0.092047 0.070087 0.200077
0.094742 0.071437 0.203870
0.097461 0.072782 0.207665
0.100205 0.074122 0.211461
0.102974 0.075457 0.215258
0.105767 0.076788 0.219055
0.108583 0.078112 0.222853
0.111424 0.079432 0.226651
0.114289 0.080747 0.230448
0.117178 0.082056 0.234245
0.120091 0.083360 0.238041
0.123027 0.084658 0.241835
0.125987 0.085951 0.245628
0.128970 0.087239 0.249420
0.131976 0.088522 0.253209
0.135006 0.089798 0.256996
0.138059 0.091070 0.260780
0.141135 0.092335 0.264561
0.144234 0.093596 0.268339
0.147356 0.094850 0.272113
0.150501 0.096099 0.275884
0.153669 0.097342 0.279651
0.156859 0.098580 0.283413
0.160072 0.099811 0.287171
0.163307 0.101037 0.290924
0.166564 0.102257 0.294672
0.169844 0.103472 0.298415
0.173146 0.104680 0.302151
0.176471 0.105882 0.305882
0.180945 0.108253 0.308854
0.185439 0.110623 0.311810
0.189952 0.112995 0.314748
0.194484 0.115367 0.317670
0.199034 0.117739 0.320576
0.203603 0.120113 0.323463
0.208190 0.122488 0.326334
0.212796 0.124864 0.329187
0.217419 0.127242 0.332023
0.222059 0.129621 0.334840
0.226717 0.132002 0.337640
0.231393 0.134385 0.340421
0.236085 0.136769 0.343184
0.240794 0.139156 0.345929
0.245520 0.141545 0.348655
0.250261 0.143936 0.351363
0.255019 0.146330 0.354051
0.259793 0.148726 0.356720
0.264583 0.151125 0.359370
0.269388 0.153526 0.362001
0.274208 0.155931 0.364613
0.279044 0.158338 0.367204
0.283894 0.160749 0.369776
0.288758 0.163163 0.372328
0.293637 0.165580 0.374861
0.298530 0.168001 0.377373
0.303437 0.170425 0.379865
0.308358 0.172853 0.382336
0.313292 0.175285 0.384787
0.318240 0.177720 0.387218
0.323200 0.180160 0.389628
0.328173 0.182604 0.392017
0.333159 0.185052 0.394385
0.338157 0.187505 0.396733
0.343167 0.189962 0.399059
0.348189 0.192424 0.401364
0.353223 0.194891 0.403648
0.358268 0.197363 0.405911
0.363324 0.199839 0.408152
0.368391 0.202321 0.410371
0.373468 0.204808 0.412570
0.378556 0.207301 0.414746
0.383655 0.209799 0.416901
0.388763 0.212303 0.419034
0.393881 0.214812 0.421146
0.399008 0.217328 0.423235
0.404145 0.219849 0.425302
0.409291 0.222377 0.427348
0.414445 0.224911 0.429371
0.419608 0.227451 0.431373
0.425842 0.230722 0.432675
0.432067 0.234011 0.433947
0.438284 0.237319 0.435188
0.444490 0.240645 0.436400
0.450686 0.243991 0.437583
0.456871 0.247357 0.438738
0.463045 0.250743 0.439864
0.469206 0.254150 0.440963
0.475355 0.257577 0.442034
0.481490 0.261026 0.443080
0.487612 0.264497 0.444099
0.493719 0.267989 0.445093
0.499811 0.271504 0.446062
0.505888 0.275042 0.447006
0.511948 0.278603 0.447928
0.517992 0.282187 0.448826
0.524018 0.285795 0.449701
0.530027 0.289427 0.450555
0.536017 0.293084 0.451388
0.541988 0.296765 0.452200
0.547940 0.300470 0.452992
0.553872 0.304201 0.453764
0.559783 0.307958 0.454519
0.565673 0.311739 0.455255
0.571542 0.315547 0.455974
0.577388 0.319381 0.456677
0.583212 0.323241 0.457363
0.589013 0.327128 0.458035
0.594790 0.331041 0.458692
0.600543 0.334981 0.459336
0.606271 0.338948 0.459967
0.611974 0.342943 0.460585
0.617651 0.346964 0.461192
0.623303 0.351013 0.461789
0.628927 0.355090 0.462376
0.634525 0.359195 0.462954
0.640095 0.363327 0.463524
0.645637 0.367487 0.464087
0.651151 0.371676 0.464643
0.656636 0.375892 0.465193
0.662092 0.380136 0.465739
0.667518 0.384409 0.466281
0.672913 0.388710 0.466820
0.678278 0.393039 0.467357
0.683612 0.397396 0.467893
0.688915 0.401782 0.468428
0.694186 0.406196 0.468965
0.699425 0.410638 0.469503
0.704631 0.415109 0.470044
0.709804 0.419608 0.470588
0.714808 0.423406 0.469415
0.719756 0.427246 0.468228
0.724647 0.431129 0.467030
0.729481 0.435055 0.465823
0.734256 0.439022 0.464607
0.738972 0.443033 0.463386
0.743628 0.447086 0.462161
0.748224 0.451182 0.460933
0.752758 0.455321 0.459705
0.757229 0.459503 0.458478
0.761638 0.463727 0.457255
0.765983 0.467994 0.456038
0.770264 0.472303 0.454829
0.774480 0.476655 0.453630
0.778631 0.481050 0.452443
0.782714 0.485486 0.451271
0.786731 0.489965 0.450115
0.790681 0.494485 0.448979
0.794562 0.499047 0.447865
0.798374 0.503650 0.446774
0.802117 0.508294 0.445710
0.805790 0.512978 0.444676
0.809392 0.517703 0.443673
0.812924 0.522468 0.442705
0.816383 0.527273 0.441774
0.819771 0.532117 0.440883
0.823086 0.537000 0.440034
0.826328 0.541921 0.439232
0.829496 0.546880 0.438477
0.832591 0.551877 0.437774
0.835611 0.556911 0.437126
0.838556 0.561981 0.436535
0.841426 0.567087 0.436004
0.844220 0.572229 0.435537
0.846939 0.577406 0.435136
0.849581 0.582616 0.434805
0.852147 0.587861 0.434547
0.854636 0.593139 0.434365
0.857047 0.598449 0.434261
0.859382 0.603792 0.434240
0.861638 0.609165 0.434304
0.863817 0.614570 0.434456
0.865919 0.620004 0.434700
0.867941 0.625467 0.435038
0.869886 0.630959 0.435474
0.871752 0.636479 0.436010
0.873540 0.642026 0.436649
0.875249 0.647600 0.437395
0.876880 0.653199 0.438249
0.878431 0.658824 0.439216
0.880121 0.663982 0.446458
0.881812 0.669130 0.453699
0.883504 0.674267 0.460940
0.885198 0.679395 0.468182
0.886894 0.684512 0.475425
0.888593 0.689619 0.482671
0.890293 0.694717 0.489919
0.891997 0.699805 0.497170
0.893704 0.704883 0.504424
0.895414 0.709951 0.511683
0.897129 0.715010 0.518946
0.898847 0.720059 0.526214
0.900570 0.725098 0.533487
0.902297 0.730128 0.540766
0.904030 0.735148 0.548051
0.905768 0.740159 0.555343
0.907512 0.745161 0.562640
0.909261 0.750154 0.569945
0.911017 0.755137 0.577256
0.912780 0.760110 0.584575
0.914550 0.765075 0.591902
0.916327 0.770030 0.599236
0.918112 0.774977 0.606577
0.919905 0.779914 0.613927
0.921706 0.784842 0.621285
0.923515 0.789760 0.628652
0.925334 0.794670 0.636026
0.927162 0.799571 0.643409
0.928999 0.804462 0.650801
0.930847 0.809345 0.658202
0.932705 0.814218 0.665611
0.934574 0.819083 0.673029
0.936453 0.823938 0.680456
0.938344 0.828785 0.687892
0.940247 0.833623 0.695337
0.942161 0.838451 0.702791
0.944088 0.843271 0.710254
0.946027 0.848081 0.717726
0.947980 0.852883 0.725208
0.949946 0.857676 0.732698
0.951926 0.862459 0.740197
0.953919 0.867234 0.747706
0.955927 0.872000 0.755223
0.957950 0.876757 0.762750
0.959988 0.881505 0.770286
0.962041 0.886244 0.777830
0.964110 0.890974 0.785384
0.966195 0.895695 0.792946
0.968296 0.900407 0.800517
0.970414 0.905110 0.808097
0.972549 0.909804 0.815686
