0.243137 0.152941 0.137255
0.246625 0.155593 0.139503
0.250120 0.158253 0.141753
0.253622 0.160920 0.144005
0.257131 0.163595 0.146260
0.260647 0.166276 0.148518
0.264171 0.168965 0.150777
0.267701 0.171662 0.153039
0.271237 0.174365 0.155304
0.274781 0.177076 0.157570
0.278331 0.179793 0.159838
0.281888 0.182518 0.162109
0.285451 0.185250 0.164382
0.289021 0.187989 0.166657
0.292597 0.190735 0.168934
0.296180 0.193488 0.171212
0.299769 0.196248 0.173493
0.303364 0.199014 0.175776
0.306965 0.201788 0.178060
0.310572 0.204568 0.180346
0.314186 0.207356 0.182634
0.317805 0.210150 0.184924
0.321430 0.212951 0.187216
0.325061 0.215758 0.189509
0.328698 0.218572 0.191804
0.332341 0.221393 0.194101
0.335990 0.224221 0.196399
0.339644 0.227055 0.198699
0.343303 0.229896 0.201000
0.346968 0.232744 0.203303
0.350639 0.235598 0.205607
0.354315 0.238458 0.207913
0.357997 0.241325 0.210220
0.361683 0.244199 0.212529
0.365375 0.247079 0.214839
0.369073 0.249966 0.217151
0.372775 0.252859 0.219463
0.376483 0.255758 0.221778
0.380195 0.258664 0.224093
0.383913 0.261576 0.226410
0.387635 0.264495 0.228728
0.391363 0.267419 0.231047
0.395095 0.270351 0.233368
0.398832 0.273288 0.235690
0.402574 0.276232 0.238013
0.406321 0.279182 0.240337
0.410072 0.282138 0.242662
0.413828 0.285101 0.244989
0.417588 0.288069 0.247316
0.421353 0.291044 0.249645
0.425122 0.294025 0.251974
0.428896 0.297012 0.254305
0.432674 0.300006 0.256637
0.436457 0.303005 0.258970
0.440244 0.306011 0.261304
0.444035 0.309022 0.263639
0.447830 0.312040 0.265975
0.451629 0.315064 0.268312
0.455433 0.318094 0.270649
0.459240 0.321130 0.272988
0.463052 0.324172 0.275328
0.466867 0.327220 0.277669
0.470687 0.330273 0.280010
0.474510 0.333333 0.282353
0.482682 0.342630 0.289864
0.490851 0.351964 0.297446
0.499017 0.361334 0.305101
0.507179 0.370741 0.312826
0.515340 0.380183 0.320623
0.523497 0.389660 0.328491
0.531653 0.399171 0.336429
0.539807 0.408717 0.344439
0.547959 0.418296 0.352518
0.556110 0.427908 0.360668
0.564261 0.437553 0.368888
0.572411 0.447230 0.377177
0.580560 0.456938 0.385536
0.588711 0.466678 0.393964
0.596862 0.476448 0.402461
0.605014 0.486248 0.411026
0.613168 0.496078 0.419659
0.621325 0.505937 0.428360
0.629483 0.515824 0.437129
0.637645 0.525740 0.445964
0.645811 0.535683 0.454867
0.653980 0.545653 0.463835
0.662155 0.555650 0.472870
0.670334 0.565674 0.481970
0.678519 0.575723 0.491135
0.686711 0.585797 0.500364
0.694909 0.595896 0.509658
0.703115 0.606020 0.519016
0.711329 0.616167 0.528436
0.719551 0.626338 0.537920
0.727783 0.636532 0.547466
0.736025 0.646749 0.557073
0.744277 0.656988 0.566742
0.752540 0.667249 0.576471
0.760815 0.677531 0.586261
0.769102 0.687834 0.596110
0.777403 0.698157 0.606018
0.785717 0.708501 0.615985
0.794045 0.718864 0.626010
0.802389 0.729247 0.636092
0.810748 0.739648 0.646231
0.819124 0.750068 0.656426
0.827517 0.760507 0.666676
0.835927 0.770963 0.676982
0.844356 0.781436 0.687342
0.852804 0.791927 0.697755
0.861271 0.802434 0.708222
0.869760 0.812957 0.718741
0.878269 0.823497 0.729312
0.886800 0.834052 0.739933
0.895354 0.844623 0.750606
0.903931 0.855208 0.761328
0.912532 0.865808 0.772099
0.921157 0.876423 0.782918
0.929807 0.887051 0.793785
0.938484 0.897694 0.804699
0.947187 0.908349 0.815660
0.955917 0.919018 0.826666
0.964675 0.929700 0.837716
0.973462 0.940394 0.848811
0.982278 0.951100 0.859949
0.991124 0.961819 0.871130
1.000000 0.972549 0.882353
0.994330 0.966654 0.870070
0.988513 0.960818 0.857823
0.982550 0.955038 0.845615
0.976442 0.949317 0.833449
0.970187 0.943652 0.821329
0.963786 0.938043 0.809257
0.957239 0.932491 0.797236
0.950546 0.926994 0.785270
0.943706 0.921553 0.773361
0.936720 0.916166 0.761513
0.929587 0.910834 0.749728
0.922307 0.905555 0.738010
0.914880 0.900330 0.726362
0.907306 0.895157 0.714787
0.899584 0.890036 0.703287
0.891713 0.884966 0.691867
0.883695 0.879947 0.680529
0.875528 0.874978 0.669276
0.867211 0.870057 0.658112
0.858744 0.865186 0.647039
0.850127 0.860361 0.636062
0.841359 0.855584 0.625183
0.832439 0.850852 0.614406
0.823365 0.846166 0.603735
0.814138 0.841523 0.593172
0.804756 0.836924 0.582721
0.795217 0.832366 0.572386
0.785521 0.827850 0.562171
0.775665 0.823374 0.552078
0.765648 0.818938 0.542113
0.755469 0.814539 0.532278
0.745124 0.810177 0.522579
0.734612 0.805850 0.513018
0.723929 0.801559 0.503599
0.713074 0.797301 0.494329
0.702043 0.793075 0.485209
0.690831 0.788880 0.476246
0.679436 0.784715 0.467442
0.667852 0.780578 0.458804
0.656075 0.776468 0.450336
0.644098 0.772385 0.442042
0.631916 0.768326 0.433927
0.619522 0.764290 0.425997
0.606907 0.760276 0.418257
0.594063 0.756283 0.410710
0.580979 0.752309 0.403364
0.567645 0.748352 0.396222
0.554046 0.744412 0.389290
0.540169 0.740487 0.382573
0.525996 0.736575 0.376077
0.511508 0.732675 0.369806
0.496681 0.728786 0.363765
0.481490 0.724905 0.357960
0.465903 0.721033 0.352394
0.449884 0.717166 0.347073
0.433388 0.713304 0.342000
0.416363 0.709445 0.337180
0.398745 0.705588 0.332615
0.380453 0.701731 0.328310
0.361388 0.697872 0.324266
0.341419 0.694011 0.320487
0.320380 0.690146 0.316973
0.298039 0.686275 0.313725
0.294864 0.680974 0.310587
0.291694 0.675681 0.307453
0.288527 0.670395 0.304324
0.285365 0.665118 0.301199
0.282208 0.659847 0.298079
0.279055 0.654585 0.294964
0.275906 0.649330 0.291853
0.272761 0.644083 0.288747
0.269621 0.638844 0.285645
0.266486 0.633612 0.282549
0.263354 0.628389 0.279457
0.260227 0.623173 0.276369
0.257105 0.617966 0.273287
0.253986 0.612766 0.270209
0.250872 0.607574 0.267136
0.247763 0.602390 0.264068
0.244658 0.597215 0.261005
0.241557 0.592047 0.257946
0.238460 0.586888 0.254893
0.235368 0.581737 0.251844
0.232280 0.576594 0.248800
0.229196 0.571459 0.245761
0.226116 0.566333 0.242727
0.223041 0.561215 0.239698
0.219970 0.556105 0.236673
0.216903 0.551004 0.233654
0.213840 0.545912 0.230640
0.210782 0.540828 0.227630
0.207727 0.535752 0.224626
0.204677 0.530685 0.221626
0.201631 0.525627 0.218632
0.198588 0.520577 0.215643
0.195550 0.515537 0.212658
0.192516 0.510505 0.209679
0.189485 0.505481 0.206705
0.186459 0.500467 0.203736
0.183436 0.495462 0.200772
0.180417 0.490465 0.197813
0.177401 0.485478 0.194859
0.174390 0.480500 0.191910
0.171382 0.475530 0.188966
0.168377 0.470570 0.186028
0.165376 0.465620 0.183094
0.162378 0.460678 0.180166
0.159383 0.455746 0.177243
0.156392 0.450823 0.174324
0.153403 0.445910 0.171411
0.150418 0.441006 0.168503
0.147435 0.436112 0.165601
0.144455 0.431227 0.162703
0.141478 0.426352 0.159810
0.138503 0.421487 0.156923
0.135530 0.416631 0.154040
0.132560 0.411786 0.151163
0.129591 0.406950 0.148291
0.126624 0.402124 0.145423
0.123658 0.397308 0.142561
0.120694 0.392503 0.139704
0.117731 0.387707 0.136851
0.114768 0.382922 0.134004
0.111806 0.378147 0.131161
0.108844 0.373382 0.128323
0.105882 0.368627 0.125490
