0.219608 0.141176 0.070588
0.223435 0.143737 0.071959
0.227272 0.146304 0.073332
0.231120 0.148877 0.074707
0.234978 0.151457 0.076085
0.238846 0.154044 0.077464
0.242724 0.156636 0.078845
0.246613 0.159235 0.080229
0.250511 0.161841 0.081614
0.254419 0.164452 0.083002
0.258337 0.167070 0.084391
0.262265 0.169694 0.085783
0.266202 0.172323 0.087177
0.270149 0.174959 0.088572
0.274105 0.177601 0.089970
0.278071 0.180249 0.091370
0.282047 0.182903 0.092772
0.286031 0.185563 0.094175
0.290025 0.188229 0.095581
0.294028 0.190900 0.096989
0.298040 0.193578 0.098398
0.302061 0.196261 0.099810
0.306092 0.198949 0.101223
0.310131 0.201644 0.102639
0.314179 0.204344 0.104056
0.318236 0.207049 0.105476
0.322301 0.209761 0.106897
0.326376 0.212477 0.108320
0.330459 0.215200 0.109746
0.334550 0.217928 0.111173
0.338650 0.220661 0.112602
0.342759 0.223399 0.114033
0.346876 0.226143 0.115465
0.351002 0.228893 0.116900
0.355135 0.231648 0.118337
0.359277 0.234408 0.119775
0.363428 0.237173 0.121215
0.367586 0.239943 0.122657
0.371753 0.242719 0.124101
0.375927 0.245500 0.125547
0.380110 0.248286 0.126995
0.384301 0.251077 0.128444
0.388499 0.253873 0.129896
0.392706 0.256675 0.131349
0.396920 0.259481 0.132804
0.401143 0.262292 0.134261
0.405373 0.265109 0.135719
0.409610 0.267930 0.137180
0.413856 0.270756 0.138642
0.418109 0.273587 0.140106
0.422369 0.276423 0.141571
0.426638 0.279264 0.143039
0.430913 0.282110 0.144508
0.435197 0.284960 0.145979
0.439487 0.287816 0.147452
0.443785 0.290676 0.148926
0.448091 0.293541 0.150402
0.452403 0.296410 0.151880
0.456723 0.299284 0.153360
0.461051 0.302163 0.154842
0.465385 0.305047 0.156325
0.469727 0.307935 0.157809
0.474075 0.310828 0.159296
0.478431 0.313725 0.160784
0.485566 0.323692 0.172430
0.492700 0.333666 0.183998
0.499835 0.343648 0.195511
0.506972 0.353639 0.206987
0.514112 0.363639 0.218439
0.521255 0.373650 0.229879
0.528404 0.383671 0.241315
0.535559 0.393702 0.252757
0.542721 0.403746 0.264211
0.549892 0.413800 0.275682
0.557072 0.423867 0.287175
0.564263 0.433945 0.298694
0.571465 0.444035 0.310242
0.578680 0.454137 0.321823
0.585909 0.464251 0.333438
0.593153 0.474377 0.345090
0.600413 0.484515 0.356781
0.607690 0.494665 0.368512
0.614985 0.504826 0.380284
0.622299 0.514999 0.392098
0.629634 0.525184 0.403956
0.636989 0.535380 0.415857
0.644367 0.545588 0.427804
0.651768 0.555806 0.439795
0.659194 0.566036 0.451832
0.666645 0.576276 0.463914
0.674122 0.586527 0.476043
0.681626 0.596788 0.488217
0.689159 0.607059 0.500437
0.696722 0.617341 0.512704
0.704314 0.627632 0.525016
0.711938 0.637932 0.537374
0.719594 0.648242 0.549778
0.727283 0.658561 0.562227
0.735007 0.668889 0.574721
0.742765 0.679226 0.587261
0.750559 0.689571 0.599844
0.758391 0.699924 0.612472
0.766260 0.710286 0.625144
0.774168 0.720655 0.637860
0.782116 0.731031 0.650618
0.790104 0.741415 0.663419
0.798133 0.751806 0.676262
0.806205 0.762204 0.689147
0.814319 0.772608 0.702074
0.822478 0.783019 0.715041
0.830681 0.793437 0.728048
0.838930 0.803860 0.741095
0.847224 0.814289 0.754181
0.855566 0.824723 0.767305
0.863956 0.835163 0.780468
0.872395 0.845608 0.793668
0.880883 0.856058 0.806905
0.889420 0.866513 0.820179
0.898009 0.876972 0.833488
0.906649 0.887435 0.846833
0.915341 0.897903 0.860212
0.924087 0.908374 0.873624
0.932885 0.918850 0.887071
0.941738 0.929328 0.900550
0.950645 0.939811 0.914061
0.959608 0.950296 0.927603
0.968627 0.960784 0.941176
0.961700 0.953508 0.930246
0.954555 0.946324 0.919372
0.947191 0.939231 0.908568
0.939605 0.932229 0.897846
0.931797 0.925316 0.887220
0.923765 0.918491 0.876701
0.915509 0.911752 0.866302
0.907028 0.905098 0.856035
0.898324 0.898525 0.845913
0.889396 0.892033 0.835947
0.880245 0.885619 0.826148
0.870873 0.879280 0.816528
0.861281 0.873012 0.807097
0.851471 0.866814 0.797866
0.841446 0.860681 0.788845
0.831208 0.854611 0.780043
0.820759 0.848600 0.771470
0.810104 0.842644 0.763134
0.799246 0.836739 0.755043
0.788189 0.830882 0.747206
0.776936 0.825067 0.739627
0.765494 0.819292 0.732315
0.753865 0.813551 0.725275
0.742057 0.807840 0.718510
0.730073 0.802155 0.712027
0.717920 0.796490 0.705827
0.705604 0.790842 0.699914
0.693131 0.785205 0.694290
0.680509 0.779575 0.688955
0.667743 0.773947 0.683910
0.654842 0.768316 0.679154
0.641813 0.762677 0.674686
0.628664 0.757025 0.670503
0.615404 0.751356 0.666603
0.602041 0.745665 0.662982
0.588584 0.739947 0.659634
0.575043 0.734197 0.656555
0.561429 0.728411 0.653739
0.547751 0.722583 0.651177
0.534020 0.716711 0.648864
0.520249 0.710789 0.646790
0.506448 0.704813 0.644946
0.492632 0.698779 0.643324
0.478813 0.692682 0.641913
0.465006 0.686520 0.640702
0.451226 0.680287 0.639682
0.437489 0.673981 0.638839
0.423813 0.667598 0.638162
0.410216 0.661135 0.637640
0.396718 0.654589 0.637260
0.383341 0.647955 0.637009
0.370108 0.641233 0.636873
0.357045 0.634419 0.636841
0.344179 0.627510 0.636899
0.331539 0.620505 0.637032
0.319159 0.613402 0.637229
0.307074 0.606198 0.637474
0.295322 0.598891 0.637756
0.283945 0.591481 0.638058
0.272989 0.583967 0.638370
0.262501 0.576346 0.638675
0.252533 0.568619 0.638962
0.243137 0.560784 0.639216
0.240276 0.555460 0.633634
0.237419 0.550146 0.628057
0.234566 0.544842 0.622487
0.231717 0.539548 0.616923
0.228871 0.534264 0.611364
0.226030 0.528990 0.605812
0.223192 0.523727 0.600266
0.220359 0.518473 0.594725
0.217529 0.513230 0.589192
0.214703 0.507997 0.583664
0.211882 0.502774 0.578143
0.209064 0.497562 0.572629
0.206250 0.492361 0.567121
0.203440 0.487170 0.561619
0.200634 0.481989 0.556125
0.197832 0.476819 0.550637
0.195034 0.471660 0.545156
0.192239 0.466512 0.539682
0.189449 0.461374 0.534215
0.186663 0.456247 0.528755
0.183881 0.451131 0.523302
0.181103 0.446027 0.517856
0.178329 0.440933 0.512418
0.175559 0.435850 0.506987
0.172793 0.430779 0.501564
0.170031 0.425719 0.496148
0.167273 0.420670 0.490740
0.164519 0.415632 0.485339
0.161769 0.410606 0.479947
0.159023 0.405591 0.474562
0.156281 0.400588 0.469185
0.153543 0.395597 0.463817
0.150809 0.390617 0.458456
0.148080 0.385649 0.453104
0.145354 0.380693 0.447760
0.142632 0.375749 0.442425
0.139914 0.370816 0.437099
0.137201 0.365896 0.431781
0.134491 0.360988 0.426471
0.131785 0.356092 0.421171
0.129084 0.351209 0.415879
0.126386 0.346338 0.410597
0.123692 0.341479 0.405324
0.121002 0.336633 0.400060
0.118317 0.331799 0.394805
0.115635 0.326979 0.389560
0.112956 0.322171 0.384325
0.110282 0.317375 0.379099
0.107612 0.312593 0.373883
0.104945 0.307824 0.368677
0.102282 0.303068 0.363481
0.099622 0.298325 0.358296
0.096967 0.293596 0.353120
0.094314 0.288880 0.347955
0.091666 0.284178 0.342801
0.089020 0.279489 0.337657
0.086378 0.274814 0.332524
0.083739 0.270153 0.327402
0.081103 0.265506 0.322291
0.078471 0.260873 0.317191
0.075840 0.256254 0.312103
0.073213 0.251649 0.307026
0.070588 0.247059 0.301961
