0.513725 0.094118 0.262745
0.526532 0.099907 0.272212
0.539379 0.105701 0.281775
0.552266 0.111504 0.291434
0.565191 0.117319 0.301189
0.578154 0.123146 0.311040
0.591154 0.128988 0.320987
0.604190 0.134846 0.331028
0.617261 0.140721 0.341165
0.630365 0.146616 0.351396
0.643502 0.152530 0.361721
0.656672 0.158466 0.372141
0.669872 0.164422 0.382655
0.683103 0.170401 0.393262
0.696363 0.176403 0.403963
0.709651 0.182429 0.414757
0.722967 0.188479 0.425645
0.736310 0.194553 0.436625
0.749679 0.200652 0.447698
0.763073 0.206777 0.458863
0.776492 0.212927 0.470121
0.789934 0.219103 0.481471
0.803399 0.225306 0.492913
0.816886 0.231535 0.504447
0.830395 0.237791 0.516072
0.843924 0.244074 0.527789
0.857473 0.250385 0.539597
0.871041 0.256723 0.551496
0.884627 0.263088 0.563486
0.898231 0.269482 0.575567
0.911853 0.275903 0.587738
0.925490 0.282353 0.600000
0.939509 0.290580 0.580339
0.952760 0.299523 0.560502
0.965230 0.309185 0.540506
0.976906 0.319559 0.520366
0.987778 0.330630 0.500090
0.997836 0.342377 0.479685
1.000000 0.354773 0.459155
1.000000 0.367787 0.438499
1.000000 0.381382 0.417714
1.000000 0.395521 0.396796
1.000000 0.410163 0.375735
1.000000 0.425266 0.354524
1.000000 0.440788 0.333150
1.000000 0.456688 0.311605
1.000000 0.472924 0.289879
1.000000 0.489455 0.267971
1.000000 0.506241 0.245885
1.000000 0.523245 0.223644
1.000000 0.540427 0.201298
1.000000 0.557754 0.178944
1.000000 0.575190 0.156767
1.000000 0.592702 0.135099
1.000000 0.610260 0.114537
1.000000 0.627832 0.096129
1.000000 0.645391 0.081595
1.000000 0.662908 0.073289
1.000000 0.680359 0.073307
1.000000 0.697719 0.081968
1.000000 0.714963 0.097600
0.993745 0.732070 0.117932
0.984314 0.749020 0.141176
0.983823 0.756603 0.184072
0.983369 0.764111 0.219451
0.982953 0.771547 0.250443
0.982578 0.778909 0.278514
0.982245 0.786201 0.304487
0.981958 0.793422 0.328875
0.981718 0.800573 0.352020
0.981528 0.807656 0.374164
0.981390 0.814671 0.395485
0.981305 0.821618 0.416118
0.981277 0.828499 0.436167
0.981307 0.835314 0.455715
0.981399 0.842064 0.474829
0.981553 0.848749 0.493564
0.981774 0.855370 0.511965
0.982062 0.861928 0.530070
0.982420 0.868422 0.547911
0.982850 0.874854 0.565516
0.983356 0.881224 0.582907
0.983938 0.887531 0.600107
0.984600 0.893778 0.617131
0.985344 0.899963 0.633996
0.986172 0.906088 0.650715
0.987085 0.912153 0.667300
0.988087 0.918157 0.683761
0.989180 0.924102 0.700108
0.990366 0.929988 0.716349
0.991646 0.935814 0.732492
0.993024 0.941582 0.748543
0.994500 0.947291 0.764508
0.996078 0.952941 0.780392
0.984645 0.947285 0.764213
0.972568 0.941840 0.748396
0.959840 0.936601 0.732984
0.946455 0.931560 0.718018
0.932406 0.926710 0.703541
0.917684 0.922041 0.689596
0.902283 0.917544 0.676224
0.886194 0.913208 0.663468
0.869407 0.909024 0.651369
0.851911 0.904979 0.639967
0.833694 0.901061 0.629300
0.814742 0.897257 0.619408
0.795037 0.893555 0.610323
0.774558 0.889941 0.602078
0.753282 0.886400 0.594702
0.731180 0.882918 0.588219
0.708215 0.879481 0.582651
0.684343 0.876074 0.578012
0.659511 0.872680 0.574314
0.633650 0.869286 0.571561
0.606675 0.865875 0.569754
0.578476 0.862431 0.568886
0.548910 0.858940 0.568946
0.517788 0.855386 0.569917
0.484853 0.851753 0.571780
0.449744 0.848026 0.574507
0.411937 0.844190 0.578071
0.370619 0.840229 0.582437
0.324438 0.836128 0.587573
0.270847 0.831874 0.593440
0.203922 0.827451 0.600000
0.141354 0.826337 0.620261
0.032935 0.824838 0.640244
0.000000 0.822955 0.659925
0.000000 0.820690 0.679276
0.000000 0.818047 0.698274
0.000000 0.815030 0.716890
0.000000 0.811644 0.735096
0.000000 0.807896 0.752865
0.000000 0.803791 0.770168
0.000000 0.799338 0.786977
0.000000 0.794546 0.803263
0.000000 0.789423 0.818997
0.000000 0.783980 0.834151
0.000000 0.778229 0.848697
0.000000 0.772181 0.862607
0.000000 0.765849 0.875854
0.000000 0.759246 0.888413
0.000000 0.752387 0.900259
0.000000 0.745285 0.911367
0.000000 0.737956 0.921715
0.000000 0.730416 0.931281
0.000000 0.722680 0.940045
0.031052 0.714766 0.947989
0.125648 0.706689 0.955097
0.180277 0.698468 0.961353
0.223193 0.690119 0.966743
0.259942 0.681659 0.971257
0.292730 0.673107 0.974885
0.322681 0.664477 0.977620
0.350454 0.655789 0.979457
0.376471 0.647059 0.980392
0.370265 0.631104 0.965335
0.364104 0.615211 0.950248
0.357986 0.599378 0.935131
0.351907 0.583607 0.919987
0.345863 0.567898 0.904815
0.339852 0.552252 0.889619
0.333870 0.536669 0.874398
0.327915 0.521150 0.859154
0.321983 0.505695 0.843889
0.316071 0.490305 0.828605
0.310176 0.474979 0.813302
0.304296 0.459718 0.797982
0.298427 0.444522 0.782647
0.292568 0.429390 0.767298
0.286715 0.414323 0.751936
0.280867 0.399320 0.736564
0.275020 0.384381 0.721183
0.269172 0.369504 0.705795
0.263321 0.354688 0.690401
0.257465 0.339932 0.675003
0.251601 0.325233 0.659602
0.245728 0.310590 0.644201
0.239844 0.295999 0.628802
0.233946 0.281456 0.613406
0.228034 0.266957 0.598014
0.222105 0.252494 0.582630
0.216158 0.238061 0.567255
0.210191 0.223649 0.551890
0.204202 0.209244 0.536539
0.198192 0.194832 0.521202
0.192157 0.180392 0.505882
0.204954 0.191852 0.520811
0.217930 0.203303 0.535777
0.231077 0.214753 0.550780
0.244391 0.226208 0.565817
0.257866 0.237673 0.580888
0.271497 0.249151 0.595991
0.285280 0.260647 0.611125
0.299212 0.272164 0.626288
0.313289 0.283703 0.641480
0.327507 0.295266 0.656698
0.341865 0.306856 0.671942
0.356358 0.318472 0.687210
0.370985 0.330118 0.702502
0.385743 0.341792 0.717815
0.400629 0.353497 0.733149
0.415643 0.365233 0.748503
0.430781 0.376999 0.763875
0.446042 0.388797 0.779264
0.461425 0.400627 0.794670
0.476926 0.412489 0.810090
0.492546 0.424383 0.825524
0.508281 0.436309 0.840971
0.524132 0.448268 0.856430
0.540095 0.460259 0.871899
0.556171 0.472282 0.887378
0.572357 0.484338 0.902865
0.588652 0.496426 0.918360
0.605056 0.508546 0.933861
0.621566 0.520698 0.949367
0.638182 0.532882 0.964878
0.654902 0.545098 0.980392
0.657060 0.528556 0.959610
0.658699 0.512178 0.938466
0.659826 0.495966 0.916978
0.660448 0.479922 0.895169
0.660572 0.464046 0.873061
0.660207 0.448338 0.850673
0.659359 0.432799 0.828030
0.658037 0.417426 0.805152
0.656247 0.402219 0.782063
0.653997 0.387175 0.758784
0.651294 0.372291 0.735338
0.648147 0.357564 0.711747
0.644562 0.342990 0.688034
0.640547 0.328564 0.664221
0.636109 0.314280 0.640329
0.631255 0.300132 0.616381
0.625993 0.286113 0.592398
0.620331 0.272213 0.568400
0.614276 0.258424 0.544408
0.607835 0.244735 0.520441
0.601016 0.231132 0.496517
0.593826 0.217600 0.472656
0.586273 0.204121 0.448872
0.578365 0.190676 0.425182
0.570110 0.177237 0.401598
0.561514 0.163772 0.378132
0.552587 0.150243 0.354792
0.543337 0.136597 0.331585
0.533771 0.122764 0.308512
0.523897 0.108650 0.285569
0.513725 0.094118 0.262745
