0.545098 0.360784 0.964706
0.548293 0.367249 0.965399
0.551503 0.373650 0.966084
0.554726 0.379991 0.966761
0.557964 0.386274 0.967431
0.561215 0.392503 0.968094
0.564481 0.398681 0.968748
0.567759 0.404811 0.969395
0.571051 0.410894 0.970034
0.574357 0.416933 0.970665
0.577675 0.422930 0.971288
0.581006 0.428887 0.971904
0.584350 0.434806 0.972511
0.587707 0.440689 0.973111
0.591075 0.446537 0.973702
0.594457 0.452352 0.974286
0.597850 0.458135 0.974861
0.601255 0.463888 0.975429
0.604672 0.469612 0.975988
0.608101 0.475308 0.976539
0.611541 0.480978 0.977082
0.614993 0.486622 0.977617
0.618456 0.492241 0.978143
0.621930 0.497838 0.978661
0.625415 0.503411 0.979171
0.628911 0.508963 0.979672
0.632417 0.514494 0.980165
0.635934 0.520005 0.980650
0.639462 0.525497 0.981126
0.643000 0.530971 0.981593
0.646548 0.536427 0.982053
0.650106 0.541865 0.982503
0.653675 0.547288 0.982945
0.657253 0.552694 0.983378
0.660840 0.558086 0.983802
0.664438 0.563462 0.984218
0.668045 0.568825 0.984625
0.671661 0.574174 0.985023
0.675286 0.579510 0.985413
0.678921 0.584834 0.985793
0.682564 0.590145 0.986165
0.686217 0.595445 0.986527
0.689878 0.600733 0.986881
0.693548 0.606011 0.987225
0.697227 0.611278 0.987561
0.700914 0.616535 0.987887
0.704610 0.621782 0.988204
0.708314 0.627020 0.988512
0.712026 0.632249 0.988811
0.715746 0.637469 0.989101
0.719474 0.642681 0.989381
0.723211 0.647885 0.989652
0.726954 0.653082 0.989913
0.730706 0.658270 0.990165
0.734465 0.663452 0.990408
0.738232 0.668627 0.990641
0.742006 0.673795 0.990864
0.745788 0.678956 0.991078
0.749577 0.684112 0.991282
0.753373 0.689261 0.991477
0.757176 0.694405 0.991661
0.760986 0.699543 0.991836
0.764804 0.704676 0.992001
0.768627 0.709804 0.992157
0.768628 0.715189 0.993712
0.768707 0.720544 0.995185
0.768867 0.725870 0.996577
0.769111 0.731164 0.997890
0.769439 0.736428 0.999125
0.769855 0.741661 1.000000
0.770360 0.746863 1.000000
0.770957 0.752033 1.000000
0.771648 0.757171 1.000000
0.772434 0.762276 1.000000
0.773318 0.767349 1.000000
0.774301 0.772389 1.000000
0.775386 0.777396 1.000000
0.776573 0.782370 1.000000
0.777865 0.787309 1.000000
0.779263 0.792214 1.000000
0.780769 0.797085 1.000000
0.782384 0.801922 1.000000
0.784109 0.806723 1.000000
0.785946 0.811489 1.000000
0.787895 0.816220 1.000000
0.789959 0.820914 1.000000
0.792137 0.825573 1.000000
0.794431 0.830195 1.000000
0.796841 0.834781 1.000000
0.799368 0.839330 1.000000
0.802013 0.843842 1.000000
0.804776 0.848317 1.000000
0.807658 0.852754 1.000000
0.810658 0.857154 1.000000
0.813777 0.861516 1.000000
0.817016 0.865839 1.000000
0.820373 0.870125 1.000000
0.823848 0.874372 1.000000
0.827443 0.878580 1.000000
0.831155 0.882750 1.000000
0.834985 0.886881 1.000000
0.838933 0.890973 1.000000
0.842997 0.895025 1.000000
0.847177 0.899039 1.000000
0.851472 0.903013 1.000000
0.855881 0.906947 1.000000
0.860403 0.910842 1.000000
0.865038 0.914697 1.000000
0.869784 0.918513 1.000000
0.874639 0.922288 0.999828
0.879603 0.926024 0.999124
0.884675 0.929720 0.998412
0.889852 0.933377 0.997695
0.895134 0.936993 0.996974
0.900519 0.940569 0.996251
0.906005 0.944106 0.995529
0.911591 0.947603 0.994810
0.917275 0.951060 0.994095
0.923055 0.954477 0.993388
0.928930 0.957854 0.992689
0.934898 0.961192 0.992002
0.940957 0.964490 0.991328
0.947105 0.967749 0.990669
0.953340 0.970969 0.990029
0.959660 0.974149 0.989408
0.966064 0.977290 0.988809
0.972549 0.980392 0.988235
0.963227 0.977598 0.990687
0.953482 0.974988 0.992844
0.943339 0.972555 0.994670
0.932823 0.970288 0.996131
0.921961 0.968181 0.997196
0.910781 0.966222 0.997833
0.899314 0.964403 0.998013
0.887590 0.962711 0.997709
0.875642 0.961136 0.996894
0.863505 0.959666 0.995545
0.851216 0.958290 0.993638
0.838814 0.956995 0.991153
0.826339 0.955768 0.988071
0.813833 0.954596 0.984375
0.801343 0.953466 0.980050
0.788915 0.952364 0.975081
0.776601 0.951277 0.969459
0.764451 0.950190 0.963172
0.752522 0.949089 0.956214
0.740870 0.947960 0.948579
0.729555 0.946788 0.940263
0.718638 0.945560 0.931264
0.708183 0.944260 0.921582
0.698255 0.942873 0.911219
0.688918 0.941386 0.900179
0.680237 0.939784 0.888467
0.672277 0.938053 0.876089
0.665100 0.936178 0.863055
0.658764 0.934146 0.849375
0.653326 0.931942 0.835060
0.648833 0.929554 0.820123
0.645330 0.926968 0.804579
0.642852 0.924171 0.788442
0.641426 0.921152 0.771729
0.641068 0.917898 0.754457
0.641786 0.914398 0.736644
0.643578 0.910640 0.718307
0.646429 0.906615 0.699465
0.650318 0.902313 0.680138
0.655214 0.897723 0.660342
0.661076 0.892839 0.640097
0.667858 0.887651 0.619419
0.675507 0.882152 0.598325
0.683967 0.876336 0.576830
0.693175 0.870197 0.554947
0.703071 0.863729 0.532688
0.713588 0.856929 0.510059
0.724662 0.849791 0.487066
0.736228 0.842313 0.463708
0.748223 0.834493 0.439980
0.760584 0.826329 0.415869
0.773250 0.817821 0.391353
0.786164 0.808967 0.366396
0.799268 0.799769 0.340948
0.812509 0.790228 0.314933
0.825836 0.780346 0.288242
0.839198 0.770126 0.260714
0.852549 0.759572 0.232105
0.865844 0.748687 0.202027
0.879041 0.737477 0.169811
0.892100 0.725949 0.134167
0.904981 0.714107 0.092006
0.917647 0.701961 0.031372
0.913584 0.696443 0.028810
0.909502 0.690939 0.026415
0.905401 0.685451 0.024179
0.901281 0.679977 0.022098
0.897143 0.674518 0.020166
0.892986 0.669074 0.018379
0.888812 0.663645 0.016729
0.884619 0.658231 0.015214
0.880408 0.652832 0.013827
0.876179 0.647448 0.012563
0.871933 0.642079 0.011419
0.867669 0.636725 0.010388
0.863389 0.631386 0.009467
0.859091 0.626063 0.008652
0.854776 0.620754 0.007937
0.850445 0.615461 0.007318
0.846097 0.610183 0.006791
0.841733 0.604920 0.006353
0.837353 0.599673 0.005999
0.832957 0.594441 0.005724
0.828545 0.589224 0.005527
0.824117 0.584023 0.005401
0.819674 0.578837 0.005345
0.815216 0.573667 0.005353
0.810743 0.568512 0.005424
0.806254 0.563372 0.005553
0.801751 0.558248 0.005738
0.797234 0.553140 0.005974
0.792702 0.548047 0.006259
0.788156 0.542970 0.006589
0.783596 0.537908 0.006963
0.779022 0.532862 0.007376
0.774435 0.527832 0.007826
0.769834 0.522818 0.008310
0.765219 0.517819 0.008826
0.760592 0.512836 0.009371
0.755952 0.507868 0.009942
0.751299 0.502917 0.010537
0.746633 0.497981 0.011154
0.741955 0.493061 0.011790
0.737265 0.488157 0.012444
0.732563 0.483269 0.013112
0.727849 0.478397 0.013793
0.723124 0.473540 0.014485
0.718386 0.468700 0.015185
0.713638 0.463875 0.015893
0.708879 0.459067 0.016605
0.704108 0.454274 0.017322
0.699327 0.449497 0.018039
0.694536 0.444737 0.018757
0.689734 0.439992 0.019473
0.684922 0.435264 0.020186
0.680100 0.430551 0.020895
0.675268 0.425855 0.021597
0.670427 0.421175 0.022292
0.665576 0.416511 0.022979
0.660716 0.411863 0.023656
0.655847 0.407231 0.024322
0.650969 0.402615 0.024976
0.646082 0.398015 0.025617
0.641187 0.393432 0.026244
0.636284 0.388865 0.026855
0.631373 0.384314 0.027451
