0.011765 0.109804 0.078431
0.012098 0.112603 0.080621
0.012438 0.115411 0.082816
0.012784 0.118228 0.085018
0.013135 0.121055 0.087225
0.013493 0.123890 0.089439
0.013857 0.126735 0.091658
0.014228 0.129588 0.093883
0.014605 0.132450 0.096114
0.014988 0.135321 0.098350
0.015378 0.138201 0.100592
0.015775 0.141089 0.102840
0.016179 0.143985 0.105093
0.016590 0.146890 0.107351
0.017007 0.149803 0.109615
0.017432 0.152725 0.111883
0.017864 0.155654 0.114158
0.018304 0.158592 0.116437
0.018751 0.161538 0.118721
0.019205 0.164492 0.121011
0.019668 0.167454 0.123305
0.020138 0.170423 0.125604
0.020616 0.173400 0.127909
0.021102 0.176386 0.130218
0.021596 0.179378 0.132531
0.022098 0.182379 0.134850
0.022609 0.185386 0.137173
0.023129 0.188402 0.139501
0.023657 0.191425 0.141833
0.024194 0.194455 0.144170
0.024739 0.197492 0.146511
0.025294 0.200537 0.148857
0.025858 0.203589 0.151207
0.026432 0.206648 0.153562
0.027015 0.209714 0.155920
0.027607 0.212787 0.158284
0.028210 0.215868 0.160651
0.028822 0.218955 0.163022
0.029444 0.222049 0.165398
0.030077 0.225150 0.167778
0.030719 0.228258 0.170161
0.031373 0.231373 0.172549
0.032111 0.235030 0.175396
0.032861 0.238696 0.178249
0.033622 0.242372 0.181109
0.034395 0.246056 0.183976
0.035180 0.249750 0.186849
0.035977 0.253453 0.189728
0.036786 0.257164 0.192613
0.037607 0.260885 0.195505
0.038440 0.264614 0.198402
0.039286 0.268351 0.201306
0.040144 0.272098 0.204216
0.041004 0.275853 0.207132
0.041860 0.279616 0.210054
0.042719 0.283388 0.212982
0.043579 0.287168 0.215915
0.044441 0.290957 0.218855
0.045305 0.294754 0.221800
0.046171 0.298559 0.224751
0.047039 0.302373 0.227708
0.047909 0.306194 0.230670
0.048781 0.310024 0.233638
0.049655 0.313861 0.236612
0.050531 0.317707 0.239591
0.051409 0.321560 0.242576
0.052290 0.325421 0.245566
0.053172 0.329291 0.248561
0.054056 0.333167 0.251562
0.054943 0.337052 0.254568
0.055831 0.340944 0.257580
0.056722 0.344844 0.260596
0.057615 0.348752 0.263618
0.058510 0.352667 0.266645
0.059407 0.356590 0.269678
0.060307 0.360520 0.272715
0.061208 0.364457 0.275758
0.062112 0.368402 0.278805
0.063019 0.372354 0.281858
0.063927 0.376314 0.284915
0.064838 0.380280 0.287978
0.065751 0.384254 0.291045
0.066667 0.388235 0.294118
0.067726 0.392485 0.297375
0.068790 0.396743 0.300637
0.069858 0.401010 0.303904
0.070931 0.405284 0.307176
0.072007 0.409565 0.310453
0.073088 0.413855 0.313734
0.074173 0.418153 0.317021
0.075263 0.422458 0.320312
0.076357 0.426771 0.323608
0.077455 0.431092 0.326909
0.078558 0.435420 0.330214
0.079665 0.439756 0.333524
0.080776 0.444099 0.336838
0.081892 0.448450 0.340157
0.083012 0.452809 0.343481
0.084137 0.457174 0.346809
0.085266 0.461548 0.350141
0.086400 0.465928 0.353478
0.087538 0.470316 0.356819
0.088680 0.474711 0.360165
0.089827 0.479114 0.363515
0.090979 0.483523 0.366869
0.092135 0.487940 0.370227
0.093296 0.492364 0.373590
0.094461 0.496795 0.376957
0.095630 0.501233 0.380328
0.096805 0.505678 0.383703
0.097983 0.510130 0.387082
0.099167 0.514589 0.390465
0.100355 0.519055 0.393853
0.101547 0.523528 0.397244
0.102744 0.528007 0.400639
0.103946 0.532494 0.404039
0.105152 0.536987 0.407442
0.106363 0.541487 0.410849
0.107579 0.545994 0.414260
0.108799 0.550507 0.417675
0.110023 0.555027 0.421094
0.111253 0.559554 0.424516
0.112487 0.564088 0.427942
0.113726 0.568627 0.431372
0.115961 0.573369 0.435259
0.118193 0.578119 0.439152
0.120422 0.582875 0.443052
0.122647 0.587638 0.446959
0.124869 0.592409 0.450873
0.127088 0.597186 0.454793
0.129305 0.601971 0.458720
0.131519 0.606762 0.462654
0.133731 0.611561 0.466594
0.135941 0.616366 0.470542
0.138149 0.621179 0.474495
0.140354 0.625998 0.478456
0.142558 0.630824 0.482423
0.144761 0.635657 0.486396
0.146962 0.640497 0.490376
0.149161 0.645343 0.494362
0.151359 0.650197 0.498355
0.153556 0.655057 0.502355
0.155752 0.659923 0.506361
0.157947 0.664796 0.510373
0.160141 0.669676 0.514392
0.162334 0.674563 0.518417
0.164526 0.679456 0.522448
0.166717 0.684356 0.526486
0.168908 0.689262 0.530530
0.171098 0.694174 0.534581
0.173288 0.699094 0.538637
0.175478 0.704019 0.542700
0.177667 0.708951 0.546769
0.179855 0.713890 0.550845
0.182044 0.718834 0.554926
0.184232 0.723785 0.559014
0.186420 0.728743 0.563108
0.188607 0.733707 0.567208
0.190795 0.738677 0.571314
0.192983 0.743653 0.575426
0.195171 0.748635 0.579545
0.197358 0.753624 0.583669
0.199546 0.758619 0.587799
0.201734 0.763620 0.591936
0.203922 0.768627 0.596078
0.211941 0.771307 0.599855
0.219745 0.773986 0.603630
0.227355 0.776665 0.607402
0.234790 0.779344 0.611172
0.242067 0.782023 0.614940
0.249198 0.784702 0.618705
0.256197 0.787380 0.622468
0.263075 0.790059 0.626229
0.269839 0.792737 0.629987
0.276500 0.795416 0.633744
0.283064 0.798094 0.637497
0.289539 0.800773 0.641249
0.295930 0.803451 0.644998
0.302243 0.806129 0.648745
0.308483 0.808807 0.652489
0.314655 0.811486 0.656231
0.320763 0.814164 0.659971
0.326811 0.816842 0.663708
0.332801 0.819520 0.667444
0.338738 0.822198 0.671176
0.344625 0.824876 0.674907
0.350463 0.827553 0.678635
0.356257 0.830231 0.682361
0.362007 0.832909 0.686084
0.367717 0.835587 0.689805
0.373388 0.838265 0.693524
0.379023 0.840942 0.697241
0.384623 0.843620 0.700955
0.390190 0.846298 0.704666
0.395725 0.848976 0.708376
0.401230 0.851653 0.712083
0.406707 0.854331 0.715787
0.412156 0.857009 0.719489
0.417579 0.859687 0.723189
0.422977 0.862364 0.726886
0.428352 0.865042 0.730581
0.433703 0.867720 0.734274
0.439033 0.870398 0.737964
0.444343 0.873076 0.741652
0.449632 0.875753 0.745337
0.454902 0.878431 0.749020
0.464618 0.880350 0.752559
0.474194 0.882264 0.756100
0.483639 0.884174 0.759643
0.492961 0.886081 0.763188
0.502168 0.887983 0.766733
0.511267 0.889881 0.770281
0.520263 0.891775 0.773830
0.529164 0.893666 0.777380
0.537974 0.895552 0.780932
0.546697 0.897434 0.784486
0.555339 0.899312 0.788041
0.563904 0.901186 0.791598
0.572396 0.903056 0.795156
0.580818 0.904922 0.798716
0.589173 0.906784 0.802277
0.597465 0.908642 0.805840
0.605697 0.910496 0.809404
0.613871 0.912346 0.812970
0.621991 0.914192 0.816537
0.630057 0.916034 0.820106
0.638074 0.917872 0.823676
0.646042 0.919706 0.827248
0.653965 0.921536 0.830821
0.661843 0.923362 0.834396
0.669679 0.925184 0.837972
0.677474 0.927002 0.841550
0.685230 0.928816 0.845129
0.692949 0.930626 0.848710
0.700632 0.932432 0.852292
0.708280 0.934234 0.855876
0.715895 0.936032 0.859461
0.723478 0.937826 0.863047
0.731029 0.939616 0.866635
0.738552 0.941402 0.870225
0.746045 0.943184 0.873816
0.753511 0.944962 0.877408
0.760950 0.946736 0.881002
0.768363 0.948506 0.884597
0.775752 0.950272 0.888194
0.783116 0.952034 0.891792
0.790458 0.953792 0.895391
0.797777 0.955546 0.898992
0.805075 0.957296 0.902595
0.812351 0.959042 0.906199
0.819608 0.960784 0.909804
