0.023529 0.305882 0.231373
0.024813 0.313403 0.237018
0.026169 0.320953 0.242676
0.027600 0.328533 0.248346
0.029111 0.336143 0.254027
0.030705 0.343782 0.259720
0.032385 0.351449 0.265423
0.034155 0.359145 0.271137
0.036021 0.366869 0.276861
0.037984 0.374621 0.282594
0.040050 0.382400 0.288337
0.042172 0.390206 0.294090
0.044329 0.398039 0.299851
0.046527 0.405898 0.305621
0.048765 0.413784 0.311399
0.051044 0.421695 0.317185
0.053363 0.429632 0.322979
0.055722 0.437594 0.328781
0.058121 0.445582 0.334589
0.060559 0.453594 0.340405
0.063037 0.461631 0.346227
0.065555 0.469692 0.352056
0.068111 0.477777 0.357891
0.070706 0.485886 0.363733
0.073339 0.494018 0.369580
0.076011 0.502174 0.375432
0.078720 0.510353 0.381290
0.081468 0.518555 0.387153
0.084253 0.526779 0.393020
0.087075 0.535026 0.398893
0.089935 0.543295 0.404769
0.092832 0.551586 0.410651
0.095765 0.559899 0.416536
0.098735 0.568234 0.422425
0.101741 0.576590 0.428317
0.104783 0.584967 0.434213
0.107862 0.593365 0.440112
0.110976 0.601785 0.446015
0.114125 0.610224 0.451920
0.117310 0.618685 0.457828
0.120530 0.627165 0.463738
0.123785 0.635666 0.469651
0.127074 0.644186 0.475566
0.130399 0.652727 0.481483
0.133757 0.661287 0.487402
0.137150 0.669866 0.493323
0.140578 0.678465 0.499245
0.144039 0.687083 0.505168
0.147534 0.695720 0.511092
0.151062 0.704376 0.517018
0.154624 0.713050 0.522944
0.158220 0.721743 0.528871
0.161849 0.730454 0.534799
0.165510 0.739184 0.540727
0.169205 0.747932 0.546656
0.172933 0.756697 0.552584
0.176693 0.765481 0.558513
0.180486 0.774282 0.564441
0.184312 0.783100 0.570369
0.188169 0.791936 0.576297
0.192059 0.800789 0.582224
0.195982 0.809659 0.588150
0.199936 0.818547 0.594075
0.203922 0.827451 0.600000
0.242762 0.829660 0.599074
0.276046 0.831840 0.598368
0.305623 0.833991 0.597885
0.332512 0.836117 0.597627
0.357340 0.838219 0.597598
0.380523 0.840299 0.597801
0.402355 0.842358 0.598238
0.423051 0.844399 0.598910
0.442772 0.846423 0.599820
0.461645 0.848433 0.600970
0.479768 0.850430 0.602361
0.497223 0.852416 0.603993
0.514075 0.854393 0.605868
0.530377 0.856363 0.607987
0.546176 0.858328 0.610348
0.561510 0.860289 0.612953
0.576411 0.862249 0.615800
0.590908 0.864210 0.618890
0.605026 0.866173 0.622221
0.618784 0.868140 0.625792
0.632201 0.870113 0.629601
0.645295 0.872094 0.633647
0.658078 0.874085 0.637927
0.670563 0.876087 0.642440
0.682762 0.878103 0.647183
0.694684 0.880134 0.652153
0.706339 0.882182 0.657347
0.717733 0.884249 0.662763
0.728874 0.886336 0.668397
0.739769 0.888446 0.674246
0.750423 0.890580 0.680305
0.760842 0.892740 0.686573
0.771029 0.894926 0.693044
0.780988 0.897142 0.699716
0.790725 0.899389 0.706583
0.800241 0.901668 0.713642
0.809541 0.903981 0.720889
0.818626 0.906330 0.728319
0.827499 0.908715 0.735928
0.836163 0.911139 0.743713
0.844620 0.913602 0.751668
0.852870 0.916107 0.759789
0.860917 0.918655 0.768072
0.868760 0.921246 0.776512
0.876403 0.923883 0.785105
0.883845 0.926567 0.793846
0.891088 0.929299 0.802731
0.898133 0.932080 0.811755
0.904981 0.934911 0.820915
0.911631 0.937793 0.830204
0.918086 0.940728 0.839619
0.924346 0.943717 0.849156
0.930410 0.946760 0.858810
0.936280 0.949859 0.868576
0.941955 0.953014 0.878449
0.947437 0.956227 0.888426
0.952725 0.959498 0.898502
0.957819 0.962828 0.908673
0.962721 0.966219 0.918933
0.967428 0.969669 0.929279
0.971943 0.973181 0.939705
0.976264 0.976755 0.950209
0.980392 0.980392 0.960784
0.975988 0.975177 0.948051
0.971914 0.969844 0.935230
0.968164 0.964392 0.922330
0.964733 0.958820 0.909361
0.961617 0.953128 0.896336
0.958809 0.947314 0.883263
0.956301 0.941380 0.870154
0.954086 0.935323 0.857020
0.952155 0.929145 0.843871
0.950501 0.922844 0.830719
0.949113 0.916422 0.817574
0.947981 0.909877 0.804448
0.947096 0.903210 0.791353
0.946446 0.896422 0.778299
0.946021 0.889512 0.765299
0.945808 0.882482 0.752364
0.945798 0.875331 0.739505
0.945977 0.868061 0.726736
0.946334 0.860671 0.714067
0.946857 0.853164 0.701511
0.947534 0.845540 0.689081
0.948351 0.837800 0.676788
0.949298 0.829945 0.664647
0.950361 0.821977 0.652669
0.951529 0.813896 0.640868
0.952789 0.805704 0.629258
0.954130 0.797402 0.617850
0.955539 0.788993 0.606659
0.957005 0.780477 0.595700
0.958516 0.771857 0.584984
0.960062 0.763134 0.574527
0.961630 0.754310 0.564343
0.963210 0.745387 0.554446
0.964792 0.736366 0.544850
0.966364 0.727251 0.535568
0.967918 0.718042 0.526616
0.969441 0.708743 0.518007
0.970926 0.699356 0.509755
0.972363 0.689882 0.501873
0.973742 0.680324 0.494374
0.975055 0.670685 0.487271
0.976293 0.660966 0.480576
0.977448 0.651171 0.474299
0.978512 0.641302 0.468451
0.979477 0.631362 0.463041
0.980335 0.621352 0.458077
0.981079 0.611276 0.453567
0.981702 0.601136 0.449515
0.982198 0.590935 0.445927
0.982560 0.580675 0.442804
0.982782 0.570359 0.440149
0.982857 0.559990 0.437961
0.982780 0.549571 0.436237
0.982546 0.539103 0.434975
0.982149 0.528590 0.434169
0.981583 0.518034 0.433814
0.980846 0.507438 0.433901
0.979930 0.496804 0.434421
0.978834 0.486133 0.435364
0.977551 0.475430 0.436720
0.976078 0.464694 0.438475
0.974412 0.453930 0.440619
0.972549 0.443137 0.443137
0.964652 0.437777 0.437511
0.956766 0.432424 0.431898
0.948891 0.427078 0.426299
0.941027 0.421739 0.420712
0.933173 0.416408 0.415139
0.925330 0.411084 0.409579
0.917499 0.405767 0.404032
0.909678 0.400457 0.398499
0.901868 0.395154 0.392979
0.894070 0.389858 0.387472
0.886282 0.384569 0.381979
0.878506 0.379286 0.376499
0.870741 0.374011 0.371033
0.862987 0.368743 0.365579
0.855245 0.363481 0.360140
0.847514 0.358226 0.354713
0.839794 0.352977 0.349300
0.832086 0.347735 0.343901
0.824390 0.342499 0.338515
0.816705 0.337269 0.333142
0.809032 0.332046 0.327783
0.801370 0.326829 0.322437
0.793721 0.321617 0.317105
0.786083 0.316412 0.311785
0.778457 0.311212 0.306480
0.770843 0.306017 0.301188
0.763240 0.300828 0.295909
0.755650 0.295644 0.290643
0.748072 0.290465 0.285391
0.740507 0.285291 0.280152
0.732953 0.280121 0.274926
0.725412 0.274955 0.269713
0.717883 0.269794 0.264513
0.710366 0.264636 0.259327
0.702862 0.259482 0.254153
0.695370 0.254330 0.248992
0.687891 0.249181 0.243844
0.680424 0.244035 0.238709
0.672970 0.238890 0.233586
0.665529 0.233747 0.228476
0.658101 0.228605 0.223378
0.650685 0.223463 0.218292
0.643283 0.218321 0.213218
0.635893 0.213178 0.208156
0.628516 0.208033 0.203105
0.621153 0.202886 0.198066
0.613802 0.197736 0.193038
0.606465 0.192582 0.188021
0.599142 0.187423 0.183014
0.591831 0.182257 0.178017
0.584534 0.177084 0.173031
0.577250 0.171902 0.168053
0.569980 0.166710 0.163084
0.562724 0.161506 0.158124
0.555481 0.156287 0.153171
0.548252 0.151053 0.148225
0.541037 0.145801 0.143285
0.533836 0.140527 0.138351
0.526648 0.135230 0.133422
0.519475 0.129905 0.128496
0.512315 0.124549 0.123572
0.505170 0.119158 0.118649
0.498039 0.113725 0.113725
