0.211765 0.031373 0.070588
0.215876 0.032141 0.072018
0.220000 0.032920 0.073442
0.224137 0.033710 0.074860
0.228287 0.034510 0.076273
0.232450 0.035320 0.077680
0.236625 0.036141 0.079082
0.240812 0.036973 0.080477
0.245012 0.037816 0.081866
0.249224 0.038669 0.083249
0.253448 0.039534 0.084625
0.257685 0.040409 0.085995
0.261933 0.041276 0.087359
0.266193 0.042142 0.088716
0.270465 0.043009 0.090066
0.274748 0.043875 0.091409
0.279043 0.044741 0.092746
0.283350 0.045608 0.094075
0.287668 0.046474 0.095398
0.291997 0.047341 0.096713
0.296337 0.048207 0.098020
0.300689 0.049074 0.099321
0.305051 0.049942 0.100613
0.309425 0.050809 0.101898
0.313809 0.051677 0.103176
0.318205 0.052546 0.104445
0.322611 0.053414 0.105707
0.327027 0.054284 0.106960
0.331454 0.055153 0.108205
0.335892 0.056024 0.109442
0.340340 0.056895 0.110671
0.344798 0.057766 0.111891
0.349267 0.058638 0.113103
0.353745 0.059512 0.114306
0.358234 0.060385 0.115500
0.362733 0.061260 0.116686
0.367242 0.062136 0.117862
0.371761 0.063012 0.119030
0.376289 0.063889 0.120188
0.380827 0.064768 0.121337
0.385375 0.065647 0.122476
0.389933 0.066528 0.123607
0.394500 0.067410 0.124727
0.399077 0.068292 0.125838
0.403663 0.069177 0.126939
0.408258 0.070062 0.128030
0.412862 0.070949 0.129111
0.417476 0.071837 0.130182
0.422099 0.072726 0.131243
0.426731 0.073617 0.132293
0.431373 0.074510 0.133333
0.436545 0.076097 0.134731
0.441729 0.077691 0.136119
0.446924 0.079289 0.137497
0.452130 0.080893 0.138864
0.457346 0.082503 0.140220
0.462573 0.084117 0.141566
0.467810 0.085738 0.142901
0.473058 0.087364 0.144225
0.478317 0.088995 0.145539
0.483585 0.090632 0.146841
0.488864 0.092274 0.148132
0.494153 0.093922 0.149411
0.499452 0.095575 0.150679
0.504761 0.097234 0.151935
0.510080 0.098899 0.153179
0.515409 0.100569 0.154412
0.520748 0.102245 0.155632
0.526096 0.103926 0.156841
0.531454 0.105613 0.158037
0.536822 0.107306 0.159220
0.542199 0.109004 0.160391
0.547585 0.110708 0.161550
0.552981 0.112418 0.162695
0.558386 0.114133 0.163828
0.563801 0.115854 0.164947
0.569224 0.117581 0.166053
0.574657 0.119314 0.167146
0.580098 0.121052 0.168225
0.585549 0.122796 0.169290
0.591008 0.124546 0.170342
0.596476 0.126301 0.171380
0.601953 0.128063 0.172403
0.607439 0.129830 0.173413
0.612933 0.131603 0.174408
0.618436 0.133382 0.175388
0.623947 0.135167 0.176354
0.629467 0.136958 0.177304
0.634995 0.138755 0.178240
0.640531 0.140558 0.179161
0.646076 0.142366 0.180066
0.651629 0.144181 0.180956
0.657189 0.146002 0.181829
0.662758 0.147828 0.182688
0.668335 0.149661 0.183530
0.673920 0.151500 0.184355
0.679513 0.153344 0.185165
0.685113 0.155195 0.185958
0.690721 0.157052 0.186734
0.696337 0.158915 0.187493
0.701961 0.160784 0.188235
0.706524 0.166079 0.190280
0.711086 0.171313 0.192331
0.715648 0.176492 0.194388
0.720210 0.181619 0.196451
0.724771 0.186700 0.198520
0.729332 0.191738 0.200596
0.733893 0.196736 0.202677
0.738453 0.201697 0.204764
0.743013 0.206624 0.206857
0.747572 0.211520 0.208956
0.752131 0.216387 0.211061
0.756689 0.221227 0.213173
0.761247 0.226041 0.215290
0.765804 0.230833 0.217413
0.770361 0.235603 0.219543
0.774918 0.240353 0.221679
0.779473 0.245084 0.223821
0.784029 0.249797 0.225969
0.788583 0.254495 0.228123
0.793137 0.259177 0.230284
0.797691 0.263845 0.232450
0.802244 0.268500 0.234623
0.806796 0.273143 0.236802
0.811348 0.277774 0.238988
0.815899 0.282395 0.241179
0.820449 0.287006 0.243377
0.824998 0.291608 0.245581
0.829547 0.296202 0.247792
0.834095 0.300788 0.250008
0.838643 0.305366 0.252231
0.843189 0.309938 0.254461
0.847735 0.314503 0.256696
0.852280 0.319063 0.258939
0.856824 0.323618 0.261187
0.861368 0.328168 0.263442
0.865910 0.332713 0.265703
0.870452 0.337255 0.267971
0.874993 0.341793 0.270245
0.879533 0.346327 0.272525
0.884072 0.350859 0.274812
0.888611 0.355388 0.277106
0.893148 0.359915 0.279405
0.897684 0.364440 0.281712
0.902220 0.368963 0.284025
0.906754 0.373484 0.286344
0.911288 0.378005 0.288670
0.915820 0.382524 0.291002
0.920352 0.387043 0.293341
0.924882 0.391561 0.295687
0.929412 0.396078 0.298039
0.930631 0.402953 0.303110
0.931831 0.409770 0.308212
0.933011 0.416531 0.313345
0.934173 0.423238 0.318509
0.935316 0.429895 0.323704
0.936439 0.436503 0.328929
0.937544 0.443066 0.334186
0.938630 0.449584 0.339473
0.939698 0.456060 0.344790
0.940747 0.462495 0.350138
0.941777 0.468891 0.355516
0.942789 0.475250 0.360925
0.943783 0.481572 0.366364
0.944758 0.487860 0.371833
0.945716 0.494115 0.377332
0.946655 0.500337 0.382861
0.947576 0.506528 0.388420
0.948479 0.512689 0.394009
0.949365 0.518821 0.399628
0.950233 0.524925 0.405276
0.951083 0.531001 0.410954
0.951916 0.537051 0.416662
0.952731 0.543076 0.422400
0.953529 0.549075 0.428166
0.954310 0.555050 0.433962
0.955074 0.561002 0.439788
0.955821 0.566930 0.445643
0.956551 0.572837 0.451527
0.957265 0.578721 0.457440
0.957962 0.584585 0.463382
0.958642 0.590428 0.469353
0.959306 0.596250 0.475354
0.959954 0.602053 0.481383
0.960586 0.607837 0.487441
0.961202 0.613601 0.493527
0.961802 0.619347 0.499643
0.962386 0.625076 0.505787
0.962955 0.630786 0.511960
0.963509 0.636479 0.518161
0.964047 0.642155 0.524390
0.964570 0.647814 0.530648
0.965079 0.653457 0.536934
0.965572 0.659084 0.543249
0.966051 0.664694 0.549592
0.966516 0.670290 0.555962
0.966966 0.675869 0.562361
0.967402 0.681434 0.568788
0.967824 0.686984 0.575243
0.968233 0.692519 0.581725
0.968627 0.698039 0.588235
0.969332 0.702523 0.594039
0.970027 0.707001 0.599846
0.970712 0.711473 0.605655
0.971388 0.715941 0.611468
0.972053 0.720404 0.617283
0.972709 0.724861 0.623102
0.973356 0.729314 0.628925
0.973993 0.733762 0.634751
0.974620 0.738206 0.640581
0.975237 0.742645 0.646415
0.975844 0.747079 0.652253
0.976442 0.751509 0.658095
0.977031 0.755935 0.663941
0.977609 0.760357 0.669792
0.978178 0.764774 0.675647
0.978737 0.769188 0.681507
0.979286 0.773597 0.687372
0.979826 0.778003 0.693242
0.980356 0.782405 0.699116
0.980876 0.786803 0.704996
0.981386 0.791197 0.710881
0.981887 0.795587 0.716771
0.982378 0.799974 0.722667
0.982859 0.804358 0.728568
0.983330 0.808738 0.734474
0.983792 0.813115 0.740387
0.984244 0.817488 0.746304
0.984686 0.821858 0.752228
0.985119 0.826225 0.758157
0.985541 0.830588 0.764092
0.985954 0.834949 0.770034
0.986357 0.839306 0.775981
0.986751 0.843661 0.781934
0.987134 0.848012 0.787894
0.987508 0.852360 0.793859
0.987872 0.856706 0.799831
0.988226 0.861049 0.805810
0.988571 0.865388 0.811794
0.988906 0.869726 0.817785
0.989230 0.874060 0.823783
0.989546 0.878392 0.829787
0.989851 0.882721 0.835798
0.990146 0.887047 0.841815
0.990432 0.891371 0.847839
0.990708 0.895692 0.853869
0.990974 0.900011 0.859907
0.991230 0.904327 0.865951
0.991477 0.908641 0.872002
0.991713 0.912953 0.878060
0.991940 0.917262 0.884124
0.992157 0.921569 0.890196
