0.023529 0.200000 0.101961
0.024474 0.203813 0.104255
0.025446 0.207637 0.106555
0.026446 0.211472 0.108860
0.027475 0.215318 0.111171
0.028532 0.219175 0.113486
0.029618 0.223043 0.115807
0.030734 0.226921 0.118133
0.031880 0.230810 0.120463
0.033058 0.234709 0.122799
0.034267 0.238619 0.125140
0.035507 0.242539 0.127485
0.036780 0.246469 0.129835
0.038087 0.250409 0.132190
0.039426 0.254359 0.134549
0.040793 0.258319 0.136913
0.042158 0.262289 0.139282
0.043529 0.266269 0.141655
0.044907 0.270259 0.144033
0.046291 0.274258 0.146414
0.047683 0.278266 0.148801
0.049081 0.282285 0.151191
0.050486 0.286312 0.153586
0.051898 0.290349 0.155985
0.053316 0.294396 0.158388
0.054741 0.298451 0.160795
0.056173 0.302516 0.163206
0.057612 0.306590 0.165621
0.059057 0.310673 0.168041
0.060509 0.314764 0.170464
0.061967 0.318865 0.172891
0.063432 0.322975 0.175321
0.064904 0.327093 0.177756
0.066382 0.331220 0.180194
0.067867 0.335356 0.182636
0.069358 0.339500 0.185082
0.070856 0.343653 0.187531
0.072360 0.347814 0.189984
0.073871 0.351984 0.192441
0.075388 0.356162 0.194901
0.076912 0.360349 0.197364
0.078443 0.364543 0.199831
0.079980 0.368746 0.202301
0.081523 0.372957 0.204775
0.083073 0.377177 0.207252
0.084629 0.381404 0.209732
0.086191 0.385639 0.212215
0.087760 0.389883 0.214702
0.089336 0.394134 0.217192
0.090917 0.398393 0.219685
0.092505 0.402660 0.222181
0.094100 0.406935 0.224681
0.095701 0.411217 0.227183
0.097308 0.415508 0.229688
0.098921 0.419806 0.232197
0.100541 0.424111 0.234708
0.102167 0.428424 0.237222
0.103800 0.432745 0.239739
0.105438 0.437073 0.242260
0.107083 0.441408 0.244782
0.108735 0.445751 0.247308
0.110392 0.450101 0.249837
0.112056 0.454459 0.252368
0.113726 0.458824 0.254902
0.135506 0.466600 0.264841
0.155261 0.474385 0.274806
0.173617 0.482177 0.284801
0.190947 0.489978 0.294827
0.207493 0.497786 0.304886
0.223423 0.505604 0.314979
0.238858 0.513430 0.325108
0.253888 0.521265 0.335273
0.268580 0.529109 0.345477
0.282988 0.536961 0.355719
0.297157 0.544823 0.366001
0.311119 0.552695 0.376324
0.324905 0.560576 0.386687
0.338537 0.568466 0.397091
0.352035 0.576366 0.407538
0.365416 0.584276 0.418027
0.378695 0.592196 0.428558
0.391884 0.600126 0.439133
0.404993 0.608066 0.449751
0.418031 0.616016 0.460413
0.431007 0.623977 0.471118
0.443928 0.631948 0.481867
0.456800 0.639930 0.492661
0.469628 0.647922 0.503498
0.482418 0.655925 0.514381
0.495174 0.663938 0.525307
0.507899 0.671963 0.536278
0.520598 0.679998 0.547294
0.533273 0.688045 0.558354
0.545926 0.696102 0.569460
0.558562 0.704171 0.580609
0.571181 0.712251 0.591804
0.583787 0.720342 0.603043
0.596380 0.728445 0.614327
0.608963 0.736559 0.625656
0.621537 0.744684 0.637029
0.634104 0.752822 0.648447
0.646664 0.760970 0.659910
0.659220 0.769131 0.671417
0.671771 0.777303 0.682968
0.684319 0.785487 0.694564
0.696865 0.793683 0.706205
0.709410 0.801891 0.717890
0.721954 0.810111 0.729619
0.734499 0.818343 0.741392
0.747043 0.826587 0.753210
0.759589 0.834843 0.765071
0.772137 0.843111 0.776977
0.784687 0.851391 0.788926
0.797240 0.859684 0.800919
0.809795 0.867989 0.812956
0.822354 0.876307 0.825037
0.834916 0.884637 0.837161
0.847482 0.892979 0.849329
0.860052 0.901334 0.861541
0.872627 0.909701 0.873795
0.885206 0.918081 0.886093
0.897790 0.926474 0.898434
0.910378 0.934879 0.910818
0.922972 0.943297 0.923246
0.935571 0.951728 0.935716
0.948175 0.960171 0.948229
0.960784 0.968627 0.960784
0.948103 0.960848 0.947256
0.935800 0.952982 0.933413
0.923890 0.945024 0.919267
0.912380 0.936970 0.904829
0.901283 0.928817 0.890113
0.890605 0.920558 0.875132
0.880354 0.912192 0.859900
0.870536 0.903712 0.844429
0.861156 0.895117 0.828735
0.852215 0.886403 0.812831
0.843716 0.877566 0.796734
0.835658 0.868604 0.780457
0.828039 0.859514 0.764016
0.820856 0.850294 0.747428
0.814104 0.840940 0.730706
0.807776 0.831452 0.713868
0.801863 0.821827 0.696930
0.796355 0.812064 0.679908
0.791241 0.802161 0.662818
0.786507 0.792118 0.645677
0.782140 0.781933 0.628503
0.778122 0.771606 0.611310
0.774439 0.761136 0.594118
0.771070 0.750524 0.576942
0.767999 0.739769 0.559800
0.765204 0.728872 0.542710
0.762667 0.717832 0.525688
0.760365 0.706651 0.508754
0.758277 0.695330 0.491924
0.756383 0.683869 0.475218
0.754659 0.672270 0.458654
0.753085 0.660533 0.442252
0.751639 0.648661 0.426030
0.750299 0.636655 0.410010
0.749044 0.624518 0.394212
0.747852 0.612249 0.378659
0.746703 0.599853 0.363375
0.745578 0.587330 0.348383
0.744455 0.574683 0.333710
0.743317 0.561914 0.319383
0.742144 0.549025 0.305432
0.740918 0.536018 0.291891
0.739623 0.522895 0.278792
0.738242 0.509658 0.266173
0.736758 0.496308 0.254074
0.735157 0.482848 0.242539
0.733423 0.469278 0.231613
0.731544 0.455599 0.221343
0.729505 0.441812 0.211779
0.727295 0.427917 0.202971
0.724901 0.413913 0.194967
0.722313 0.399799 0.187814
0.719519 0.385572 0.181551
0.716510 0.371230 0.176211
0.713277 0.356767 0.171815
0.709811 0.342176 0.168370
0.706104 0.327449 0.165872
0.702149 0.312575 0.164298
0.697938 0.297539 0.163611
0.693467 0.282321 0.163764
0.688728 0.266898 0.164697
0.683718 0.251236 0.166341
0.678431 0.235294 0.168627
0.671264 0.232345 0.166225
0.664110 0.229403 0.163828
0.656971 0.226466 0.161438
0.649846 0.223535 0.159054
0.642736 0.220609 0.156677
0.635640 0.217690 0.154306
0.628559 0.214777 0.151941
0.621492 0.211869 0.149583
0.614440 0.208968 0.147232
0.607403 0.206073 0.144887
0.600381 0.203184 0.142548
0.593374 0.200301 0.140216
0.586382 0.197425 0.137891
0.579406 0.194554 0.135572
0.572445 0.191690 0.133260
0.565499 0.188833 0.130954
0.558569 0.185981 0.128656
0.551654 0.183137 0.126364
0.544755 0.180298 0.124079
0.537873 0.177467 0.121800
0.531006 0.174642 0.119529
0.524155 0.171823 0.117264
0.517320 0.169011 0.115006
0.510502 0.166206 0.112756
0.503700 0.163408 0.110512
0.496915 0.160617 0.108275
0.490146 0.157832 0.106045
0.483395 0.155055 0.103823
0.476660 0.152284 0.101608
0.469942 0.149521 0.099399
0.463241 0.146765 0.097198
0.456558 0.144016 0.095005
0.449892 0.141274 0.092818
0.443244 0.138539 0.090639
0.436614 0.135812 0.088467
0.430001 0.133093 0.086303
0.423406 0.130381 0.084146
0.416830 0.127676 0.081997
0.410272 0.124979 0.079855
0.403732 0.122290 0.077721
0.397211 0.119608 0.075594
0.390709 0.116935 0.073476
0.384226 0.114269 0.071365
0.377762 0.111611 0.069261
0.371317 0.108962 0.067166
0.364891 0.106320 0.065079
0.358485 0.103687 0.062999
0.352099 0.101062 0.060928
0.345733 0.098446 0.058864
0.339388 0.095838 0.056809
0.333062 0.093238 0.054762
0.326757 0.090647 0.052723
0.320473 0.088065 0.050693
0.314210 0.085492 0.048671
0.307968 0.082927 0.046657
0.301748 0.080372 0.044652
0.295549 0.077826 0.042655
0.289372 0.075289 0.040667
0.283217 0.072761 0.038681
0.277085 0.070243 0.036757
0.270975 0.067734 0.034899
0.264888 0.065235 0.033104
0.258824 0.062745 0.031373
