0.011765 0.411765 0.631373
0.015355 0.416709 0.636708
0.019059 0.421664 0.642047
0.022876 0.426628 0.647389
0.026809 0.431603 0.652735
0.030859 0.436587 0.658085
0.035026 0.441580 0.663438
0.039313 0.446583 0.668795
0.043592 0.451596 0.674155
0.047726 0.456619 0.679518
0.051742 0.461651 0.684885
0.055657 0.466692 0.690255
0.059482 0.471744 0.695628
0.063229 0.476804 0.701004
0.066906 0.481874 0.706383
0.070521 0.486954 0.711765
0.074080 0.492042 0.717150
0.077588 0.497140 0.722538
0.081052 0.502248 0.727928
0.084473 0.507364 0.733322
0.087857 0.512490 0.738718
0.091207 0.517625 0.744116
0.094526 0.522770 0.749518
0.097815 0.527923 0.754921
0.101078 0.533086 0.760328
0.104317 0.538257 0.765736
0.107533 0.543438 0.771147
0.110729 0.548627 0.776561
0.113906 0.553826 0.781976
0.117064 0.559033 0.787394
0.120207 0.564250 0.792814
0.123334 0.569475 0.798236
0.126448 0.574709 0.803660
0.129548 0.579952 0.809086
0.132636 0.585204 0.814514
0.135713 0.590464 0.819944
0.138780 0.595733 0.825376
0.141837 0.601011 0.830809
0.144885 0.606297 0.836245
0.147925 0.611592 0.841682
0.150958 0.616896 0.847120
0.153983 0.622208 0.852561
0.157002 0.627529 0.858002
0.160015 0.632858 0.863446
0.163023 0.638195 0.868890
0.166025 0.643542 0.874336
0.169023 0.648896 0.879784
0.172017 0.654259 0.885232
0.175007 0.659630 0.890682
0.177993 0.665009 0.896134
0.180976 0.670397 0.901586
0.183957 0.675793 0.907039
0.186935 0.681197 0.912494
0.189911 0.686610 0.917949
0.192885 0.692030 0.923406
0.195857 0.697459 0.928863
0.198829 0.702895 0.934321
0.201799 0.708340 0.939780
0.204768 0.713793 0.945240
0.207736 0.719254 0.950700
0.210704 0.724723 0.956162
0.213672 0.730199 0.961624
0.216640 0.735684 0.967086
0.219608 0.741176 0.972549
0.243523 0.744860 0.973929
0.265421 0.748545 0.975273
0.285772 0.752231 0.976579
0.304894 0.755917 0.977849
0.323013 0.759605 0.979082
0.340295 0.763294 0.980278
0.356867 0.766984 0.981437
0.372829 0.770675 0.982560
0.388258 0.774369 0.983645
0.403221 0.778064 0.984695
0.417768 0.781761 0.985707
0.431945 0.785460 0.986683
0.445789 0.789161 0.987622
0.459331 0.792865 0.988524
0.472600 0.796571 0.989390
0.485617 0.800280 0.990220
0.498404 0.803991 0.991012
0.510980 0.807706 0.991769
0.523359 0.811423 0.992488
0.535556 0.815144 0.993172
0.547584 0.818868 0.993818
0.559454 0.822595 0.994429
0.571176 0.826326 0.995003
0.582759 0.830061 0.995540
0.594212 0.833800 0.996041
0.605541 0.837542 0.996506
0.616754 0.841290 0.996934
0.627856 0.845041 0.997326
0.638855 0.848797 0.997682
0.649753 0.852558 0.998001
0.660558 0.856324 0.998284
0.671272 0.860094 0.998531
0.681900 0.863870 0.998742
0.692446 0.867652 0.998916
0.702913 0.871438 0.999054
0.713304 0.875231 0.999156
0.723622 0.879029 0.999222
0.733870 0.882833 0.999251
0.744051 0.886644 0.999244
0.754167 0.890461 0.999202
0.764220 0.894284 0.999122
0.774212 0.898114 0.999007
0.784145 0.901951 0.998856
0.794021 0.905795 0.998668
0.803842 0.909646 0.998445
0.813609 0.913505 0.998185
0.823324 0.917371 0.997889
0.832988 0.921244 0.997557
0.842602 0.925126 0.997189
0.852168 0.929016 0.996784
0.861686 0.932913 0.996344
0.871159 0.936820 0.995867
0.880586 0.940734 0.995354
0.889968 0.944658 0.994805
0.899308 0.948590 0.994220
0.908604 0.952532 0.993599
0.917859 0.956483 0.992941
0.927073 0.960443 0.992248
0.936247 0.964413 0.991518
0.945380 0.968393 0.990751
0.954475 0.972382 0.989949
0.963531 0.976382 0.989110
0.972549 0.980392 0.988235
0.962367 0.975624 0.989871
0.952577 0.970677 0.991616
0.943201 0.965549 0.993444
0.934260 0.960239 0.995328
0.925772 0.954745 0.997239
0.917754 0.949068 0.999152
0.910222 0.943206 1.000000
0.903189 0.937161 1.000000
0.896668 0.930932 1.000000
0.890667 0.924521 1.000000
0.885194 0.917930 1.000000
0.880254 0.911160 1.000000
0.875849 0.904213 1.000000
0.871979 0.897093 1.000000
0.868641 0.889801 1.000000
0.865832 0.882342 1.000000
0.863543 0.874718 1.000000
0.861766 0.866935 1.000000
0.860488 0.858995 1.000000
0.859696 0.850904 1.000000
0.859374 0.842666 1.000000
0.859505 0.834286 1.000000
0.860069 0.825770 1.000000
0.861047 0.817123 1.000000
0.862416 0.808351 1.000000
0.864155 0.799458 0.999910
0.866239 0.790452 0.996439
0.868645 0.781339 0.992507
0.871349 0.772124 0.988102
0.874326 0.762814 0.983213
0.877550 0.753415 0.977828
0.880998 0.743933 0.971938
0.884644 0.734375 0.965533
0.888465 0.724748 0.958606
0.892435 0.715057 0.951150
0.896532 0.705309 0.943158
0.900733 0.695511 0.934625
0.905014 0.685668 0.925547
0.909354 0.675787 0.915919
0.913731 0.665874 0.905741
0.918124 0.655935 0.895009
0.922514 0.645977 0.883723
0.926881 0.636004 0.871883
0.931206 0.626023 0.859489
0.935471 0.616040 0.846542
0.939658 0.606061 0.833045
0.943750 0.596091 0.819000
0.947731 0.586136 0.804409
0.951584 0.576202 0.789275
0.955294 0.566295 0.773604
0.958847 0.556421 0.757396
0.962228 0.546586 0.740658
0.965423 0.536797 0.723391
0.968417 0.527060 0.705598
0.971199 0.517383 0.687282
0.973755 0.507773 0.668443
0.976073 0.498238 0.649081
0.978140 0.488786 0.629194
0.979945 0.479428 0.608777
0.981476 0.470172 0.587821
0.982722 0.461031 0.566314
0.983672 0.452015 0.544238
0.984314 0.443137 0.521569
0.980577 0.438311 0.516949
0.976838 0.433478 0.512332
0.973098 0.428638 0.507718
0.969356 0.423792 0.503108
0.965612 0.418938 0.498500
0.961866 0.414076 0.493895
0.958119 0.409206 0.489294
0.954370 0.404328 0.484695
0.950619 0.399440 0.480099
0.946867 0.394542 0.475507
0.943113 0.389635 0.470917
0.939357 0.384717 0.466330
0.935599 0.379787 0.461747
0.931839 0.374846 0.457166
0.928078 0.369892 0.452588
0.924314 0.364925 0.448013
0.920549 0.359944 0.443441
0.916782 0.354949 0.438871
0.913013 0.349938 0.434305
0.909243 0.344911 0.429742
0.905470 0.339867 0.425181
0.901695 0.334805 0.420623
0.897919 0.329723 0.416068
0.894140 0.324622 0.411515
0.890360 0.319499 0.406965
0.886577 0.314354 0.402418
0.882793 0.309186 0.397874
0.879006 0.303992 0.393332
0.875218 0.298771 0.388792
0.871428 0.293522 0.384256
0.867635 0.288243 0.379721
0.863840 0.282933 0.375189
0.860044 0.277589 0.370659
0.856245 0.272208 0.366132
0.852444 0.266790 0.361606
0.848641 0.261331 0.357083
0.844836 0.255828 0.352562
0.841029 0.250278 0.348042
0.837219 0.244679 0.343525
0.833408 0.239026 0.339009
0.829594 0.233316 0.334495
0.825778 0.227544 0.329983
0.821959 0.221705 0.325472
0.818139 0.215795 0.320962
0.814316 0.209806 0.316454
0.810491 0.203732 0.311947
0.806664 0.197565 0.307440
0.802834 0.191298 0.302934
0.799002 0.184919 0.298429
0.795167 0.178418 0.293925
0.791331 0.171782 0.289420
0.787491 0.164995 0.284916
0.783650 0.158040 0.280411
0.779806 0.150895 0.275906
0.775960 0.143535 0.271400
0.772111 0.135929 0.266894
0.768259 0.128038 0.262386
0.764405 0.119815 0.257876
0.760549 0.111197 0.253365
0.756690 0.102104 0.248852
0.752829 0.092423 0.244335
0.748965 0.081997 0.239816
0.745098 0.070588 0.235294
