0.050980 0.066667 0.090196
0.052511 0.068577 0.092720
0.054046 0.070492 0.095253
0.055587 0.072413 0.097795
0.057132 0.074339 0.100344
0.058683 0.076271 0.102902
0.060238 0.078208 0.105469
0.061799 0.080151 0.108043
0.063364 0.082098 0.110626
0.064934 0.084051 0.113217
0.066509 0.086009 0.115816
0.068089 0.087971 0.118422
0.069674 0.089939 0.121037
0.071263 0.091912 0.123659
0.072858 0.093890 0.126289
0.074457 0.095873 0.128926
0.076061 0.097860 0.131572
0.077669 0.099853 0.134224
0.079282 0.101850 0.136884
0.080900 0.103852 0.139552
0.082523 0.105859 0.142227
0.084150 0.107870 0.144909
0.085782 0.109886 0.147598
0.087418 0.111906 0.150295
0.089060 0.113931 0.152999
0.090705 0.115961 0.155709
0.092355 0.117995 0.158427
0.094010 0.120033 0.161152
0.095670 0.122076 0.163883
0.097333 0.124123 0.166622
0.099002 0.126175 0.169367
0.100675 0.128231 0.172119
0.102352 0.130291 0.174878
0.104034 0.132355 0.177643
0.105720 0.134424 0.180415
0.107411 0.136497 0.183193
0.109106 0.138574 0.185978
0.110805 0.140655 0.188770
0.112509 0.142740 0.191568
0.114217 0.144829 0.194372
0.115930 0.146922 0.197183
0.117647 0.149020 0.200000
0.120021 0.151755 0.203290
0.122401 0.154499 0.206589
0.124787 0.157249 0.209896
0.127179 0.160007 0.213212
0.129578 0.162771 0.216535
0.131982 0.165543 0.219867
0.134392 0.168322 0.223207
0.136809 0.171108 0.226554
0.139231 0.173901 0.229910
0.141659 0.176700 0.233273
0.144093 0.179507 0.236645
0.146533 0.182320 0.240024
0.148978 0.185140 0.243411
0.151429 0.187967 0.246805
0.153886 0.190800 0.250207
0.156348 0.193640 0.253617
0.158816 0.196487 0.257034
0.161289 0.199340 0.260458
0.163768 0.202199 0.263890
0.166252 0.205065 0.267330
0.168742 0.207937 0.270776
0.171237 0.210816 0.274230
0.173737 0.213701 0.277691
0.176242 0.216592 0.281159
0.178753 0.219490 0.284635
0.181269 0.222393 0.288117
0.183790 0.225303 0.291607
0.186316 0.228219 0.295103
0.188848 0.231141 0.298607
0.191384 0.234069 0.302117
0.193925 0.237003 0.305635
0.196472 0.239943 0.309159
0.199023 0.242889 0.312690
0.201579 0.245841 0.316227
0.204140 0.248799 0.319772
0.206706 0.251762 0.323323
0.209277 0.254732 0.326880
0.211853 0.257707 0.330444
0.214433 0.260688 0.334015
0.217018 0.263674 0.337593
0.219608 0.266667 0.341176
0.223092 0.270515 0.345416
0.226584 0.274373 0.349664
0.230085 0.278240 0.353921
0.233593 0.282116 0.358187
0.237110 0.286001 0.362461
0.240635 0.289895 0.366743
0.244167 0.293797 0.371034
0.247708 0.297709 0.375333
0.251256 0.301629 0.379640
0.254813 0.305557 0.383955
0.258376 0.309494 0.388279
0.261948 0.313440 0.392611
0.265527 0.317394 0.396951
0.269114 0.321357 0.401298
0.272708 0.325328 0.405654
0.276310 0.329308 0.410018
0.279919 0.333295 0.414390
0.283535 0.337291 0.418769
0.287159 0.341295 0.423157
0.290790 0.345308 0.427552
0.294428 0.349328 0.431955
0.298073 0.353356 0.436365
0.301725 0.357393 0.440783
0.305384 0.361437 0.445209
0.309051 0.365490 0.449642
0.312724 0.369550 0.454083
0.316404 0.373618 0.458531
0.320091 0.377694 0.462987
0.323785 0.381778 0.467450
0.327486 0.385869 0.471920
0.331193 0.389968 0.476398
0.334907 0.394075 0.480883
0.338628 0.398189 0.485375
0.342355 0.402311 0.489874
0.346089 0.406440 0.494381
0.349829 0.410577 0.498895
0.353576 0.414722 0.503415
0.357329 0.418873 0.507943
0.361089 0.423032 0.512478
0.364855 0.427199 0.517020
0.368627 0.431373 0.521569
0.373045 0.435825 0.525861
0.377471 0.440284 0.530159
0.381906 0.444751 0.534462
0.386351 0.449226 0.538771
0.390805 0.453707 0.543085
0.395268 0.458196 0.547405
0.399740 0.462692 0.551731
0.404220 0.467195 0.556062
0.408710 0.471705 0.560398
0.413209 0.476222 0.564740
0.417716 0.480747 0.569088
0.422233 0.485278 0.573441
0.426758 0.489817 0.577799
0.431292 0.494362 0.582163
0.435834 0.498914 0.586532
0.440385 0.503474 0.590906
0.444945 0.508040 0.595286
0.449514 0.512613 0.599671
0.454090 0.517192 0.604061
0.458676 0.521779 0.608457
0.463269 0.526372 0.612858
0.467872 0.530972 0.617264
0.472482 0.535579 0.621675
0.477101 0.540192 0.626092
0.481728 0.544812 0.630514
0.486364 0.549438 0.634941
0.491007 0.554071 0.639373
0.495659 0.558711 0.643811
0.500319 0.563357 0.648253
0.504987 0.568010 0.652701
0.509664 0.572669 0.657154
0.514348 0.577334 0.661612
0.519040 0.582006 0.666075
0.523740 0.586684 0.670543
0.528448 0.591369 0.675016
0.533165 0.596060 0.679494
0.537889 0.600757 0.683978
0.542620 0.605460 0.688466
0.547360 0.610170 0.692959
0.552108 0.614886 0.697457
0.556863 0.619608 0.701961
0.561889 0.624275 0.706189
0.566923 0.628948 0.710422
0.571964 0.633628 0.714658
0.577012 0.638313 0.718898
0.582067 0.643004 0.723142
0.587129 0.647701 0.727390
0.592199 0.652404 0.731642
0.597276 0.657113 0.735898
0.602359 0.661827 0.740157
0.607450 0.666548 0.744421
0.612548 0.671274 0.748688
0.617653 0.676007 0.752959
0.622765 0.680745 0.757233
0.627884 0.685488 0.761512
0.633009 0.690238 0.765794
0.638142 0.694993 0.770080
0.643281 0.699754 0.774370
0.648428 0.704521 0.778664
0.653581 0.709293 0.782961
0.658741 0.714071 0.787262
0.663908 0.718855 0.791567
0.669081 0.723644 0.795875
0.674261 0.728439 0.800187
0.679448 0.733239 0.804503
0.684642 0.738045 0.808823
0.689842 0.742857 0.813146
0.695049 0.747674 0.817473
0.700262 0.752497 0.821804
0.705482 0.757325 0.826138
0.710709 0.762159 0.830476
0.715942 0.766998 0.834817
0.721182 0.771842 0.839162
0.726428 0.776692 0.843511
0.731680 0.781548 0.847864
0.736939 0.786409 0.852220
0.742205 0.791275 0.856579
0.747477 0.796146 0.860943
0.752755 0.801023 0.865309
0.758039 0.805906 0.869680
0.763330 0.810793 0.874054
0.768627 0.815686 0.878431
0.772122 0.818897 0.880385
0.775633 0.822105 0.882339
0.779161 0.825309 0.884294
0.782705 0.828510 0.886248
0.786266 0.831708 0.888204
0.789844 0.834902 0.890160
0.793437 0.838093 0.892118
0.797047 0.841281 0.894076
0.800674 0.844465 0.896036
0.804316 0.847646 0.897997
0.807974 0.850824 0.899960
0.811649 0.853998 0.901924
0.815339 0.857169 0.903890
0.819045 0.860337 0.905858
0.822766 0.863501 0.907828
0.826503 0.866662 0.909800
0.830256 0.869819 0.911775
0.834024 0.872973 0.913752
0.837807 0.876124 0.915732
0.841605 0.879271 0.917714
0.845418 0.882415 0.919700
0.849247 0.885556 0.921689
0.853090 0.888693 0.923681
0.856948 0.891827 0.925676
0.860820 0.894957 0.927675
0.864708 0.898084 0.929678
0.868609 0.901208 0.931684
0.872525 0.904328 0.933694
0.876455 0.907445 0.935709
0.880399 0.910559 0.937728
0.884357 0.913669 0.939751
0.888330 0.916776 0.941779
0.892315 0.919880 0.943812
0.896315 0.922980 0.945849
0.900328 0.926077 0.947892
0.904354 0.929170 0.949940
0.908394 0.932260 0.951993
0.912447 0.935347 0.954051
0.916513 0.938431 0.956116
0.920592 0.941511 0.958186
0.924684 0.944588 0.960261
0.928788 0.947661 0.962343
0.932905 0.950732 0.964432
0.937035 0.953799 0.966526
0.941177 0.956863 0.968627
