0.047059 0.152941 0.360784
0.048892 0.156524 0.366975
0.050726 0.160119 0.373183
0.052561 0.163727 0.379408
0.054397 0.167347 0.385651
0.056234 0.170978 0.391911
0.058072 0.174622 0.398189
0.059910 0.178278 0.404483
0.061748 0.181945 0.410794
0.063587 0.185625 0.417122
0.065426 0.189316 0.423466
0.067265 0.193018 0.429827
0.069105 0.196733 0.436204
0.070944 0.200458 0.442597
0.072783 0.204195 0.449007
0.074622 0.207944 0.455432
0.076460 0.211703 0.461872
0.078298 0.215474 0.468329
0.080135 0.219256 0.474801
0.081972 0.223049 0.481288
0.083808 0.226853 0.487790
0.085643 0.230667 0.494308
0.087477 0.234493 0.500840
0.089310 0.238329 0.507388
0.091141 0.242176 0.513950
0.092972 0.246034 0.520527
0.094801 0.249903 0.527119
0.096629 0.253781 0.533725
0.098455 0.257671 0.540345
0.100280 0.261571 0.546980
0.102103 0.265481 0.553629
0.103925 0.269401 0.560292
0.105744 0.273332 0.566969
0.107562 0.277273 0.573659
0.109377 0.281224 0.580364
0.111190 0.285185 0.587082
0.113002 0.289156 0.593814
0.114811 0.293137 0.600559
0.116617 0.297128 0.607318
0.118421 0.301129 0.614090
0.120223 0.305140 0.620875
0.122022 0.309161 0.627673
0.123818 0.313191 0.634484
0.125612 0.317231 0.641309
0.127402 0.321281 0.648146
0.129190 0.325340 0.654996
0.130975 0.329409 0.661858
0.132757 0.333487 0.668734
0.134535 0.337575 0.675621
0.136311 0.341672 0.682522
0.138083 0.345779 0.689434
0.139852 0.349895 0.696359
0.141617 0.354020 0.703296
0.143379 0.358154 0.710246
0.145137 0.362298 0.717207
0.146891 0.366451 0.724181
0.148642 0.370613 0.731166
0.150388 0.374784 0.738163
0.152131 0.378964 0.745172
0.153870 0.383154 0.752193
0.155605 0.387352 0.759226
0.157336 0.391559 0.766270
0.159062 0.395775 0.773325
0.160784 0.400000 0.780392
0.169548 0.410345 0.783900
0.178560 0.420603 0.787376
0.187803 0.430780 0.790820
0.197259 0.440881 0.794233
0.206913 0.450909 0.797616
0.216752 0.460869 0.800970
0.226766 0.470764 0.804294
0.236944 0.480597 0.807589
0.247276 0.490370 0.810857
0.257757 0.500087 0.814098
0.268378 0.509750 0.817313
0.279133 0.519360 0.820501
0.290018 0.528920 0.823665
0.301026 0.538431 0.826803
0.312155 0.547896 0.829919
0.323399 0.557314 0.833011
0.334755 0.566689 0.836081
0.346221 0.576020 0.839130
0.357792 0.585310 0.842157
0.369468 0.594559 0.845165
0.381244 0.603768 0.848154
0.393119 0.612938 0.851124
0.405091 0.622069 0.854076
0.417157 0.631164 0.857012
0.429317 0.640221 0.859932
0.441568 0.649243 0.862836
0.453909 0.658229 0.865727
0.466338 0.667180 0.868604
0.478854 0.676096 0.871468
0.491455 0.684979 0.874321
0.504141 0.693828 0.877164
0.516910 0.702643 0.879996
0.529761 0.711426 0.882820
0.542693 0.720177 0.885635
0.555705 0.728895 0.888444
0.568796 0.737582 0.891247
0.581965 0.746236 0.894045
0.595211 0.754860 0.896839
0.608533 0.763453 0.899630
0.621930 0.772014 0.902419
0.635402 0.780545 0.905207
0.648947 0.789046 0.907995
0.662565 0.797516 0.910785
0.676254 0.805957 0.913577
0.690015 0.814367 0.916373
0.703846 0.822748 0.919173
0.717747 0.831099 0.921979
0.731716 0.839421 0.924791
0.745753 0.847713 0.927612
0.759858 0.855976 0.930442
0.774029 0.864210 0.933283
0.788266 0.872415 0.936134
0.802568 0.880591 0.938999
0.816935 0.888738 0.941878
0.831365 0.896857 0.944772
0.845859 0.904947 0.947683
0.860415 0.913008 0.950611
0.875032 0.921041 0.953558
0.889710 0.929046 0.956526
0.904449 0.937023 0.959516
0.919247 0.944971 0.962528
0.934104 0.952892 0.965565
0.949020 0.960784 0.968627
0.933933 0.953879 0.968306
0.919301 0.946742 0.968266
0.905163 0.939368 0.968462
0.891562 0.931752 0.968852
0.878535 0.923891 0.969390
0.866119 0.915780 0.970032
0.854349 0.907419 0.970735
0.843255 0.898805 0.971454
0.832865 0.889938 0.972147
0.823204 0.880818 0.972770
0.814291 0.871445 0.973282
0.806140 0.861823 0.973642
0.798764 0.851952 0.973809
0.792166 0.841837 0.973744
0.786347 0.831481 0.973409
0.781301 0.820888 0.972765
0.777018 0.810065 0.971778
0.773482 0.799016 0.970411
0.770672 0.787747 0.968631
0.768563 0.776267 0.966405
0.767127 0.764581 0.963704
0.766329 0.752699 0.960495
0.766134 0.740627 0.956753
0.766504 0.728374 0.952449
0.767397 0.715950 0.947558
0.768771 0.703362 0.942058
0.770582 0.690621 0.935926
0.772787 0.677734 0.929142
0.775342 0.664712 0.921688
0.778202 0.651562 0.913547
0.781325 0.638294 0.904704
0.784668 0.624917 0.895147
0.788191 0.611439 0.884863
0.791853 0.597868 0.873843
0.795615 0.584211 0.862081
0.799443 0.570474 0.849569
0.803299 0.556665 0.836304
0.807152 0.542789 0.822285
0.810968 0.528850 0.807509
0.814717 0.514853 0.791978
0.818372 0.500800 0.775694
0.821904 0.486692 0.758662
0.825289 0.472532 0.740886
0.828500 0.458318 0.722371
0.831517 0.444049 0.703126
0.834315 0.429723 0.683156
0.836876 0.415333 0.662470
0.839177 0.400876 0.641074
0.841202 0.386343 0.618973
0.842930 0.371726 0.596173
0.844346 0.357014 0.572675
0.845433 0.342194 0.548476
0.846173 0.327251 0.523568
0.846552 0.312167 0.497937
0.846555 0.296922 0.471556
0.846167 0.281490 0.444384
0.845374 0.265844 0.416358
0.844163 0.249947 0.387385
0.842519 0.233758 0.357325
0.840431 0.217221 0.325967
0.837885 0.200267 0.292984
0.834869 0.182804 0.257841
0.831373 0.164706 0.219608
0.823027 0.162489 0.217044
0.814698 0.160277 0.214484
0.806385 0.158069 0.211927
0.798087 0.155866 0.209374
0.789806 0.153668 0.206824
0.781541 0.151474 0.204278
0.773292 0.149285 0.201736
0.765060 0.147101 0.199198
0.756845 0.144922 0.196663
0.748645 0.142747 0.194132
0.740463 0.140577 0.191604
0.732297 0.138412 0.189081
0.724149 0.136252 0.186562
0.716017 0.134096 0.184046
0.707903 0.131946 0.181535
0.699805 0.129800 0.179027
0.691725 0.127660 0.176524
0.683663 0.125524 0.174024
0.675618 0.123394 0.171529
0.667591 0.121268 0.169038
0.659582 0.119148 0.166551
0.651590 0.117033 0.164069
0.643617 0.114923 0.161591
0.635662 0.112818 0.159117
0.627725 0.110718 0.156648
0.619806 0.108624 0.154183
0.611906 0.106535 0.151722
0.604025 0.104451 0.149267
0.596163 0.102373 0.146816
0.588319 0.100300 0.144369
0.580495 0.098232 0.141927
0.572690 0.096170 0.139491
0.564904 0.094113 0.137059
0.557138 0.092062 0.134631
0.549392 0.090017 0.132209
0.541665 0.087977 0.129792
0.533958 0.085942 0.127380
0.526272 0.083914 0.124973
0.518605 0.081891 0.122571
0.510960 0.079874 0.120175
0.503334 0.077863 0.117784
0.495730 0.075857 0.115398
0.488147 0.073858 0.113017
0.480584 0.071864 0.110642
0.473043 0.069877 0.108273
0.465524 0.067895 0.105910
0.458026 0.065920 0.103552
0.450550 0.063950 0.101200
0.443096 0.061987 0.098853
0.435664 0.060030 0.096513
0.428255 0.058080 0.094179
0.420869 0.056135 0.091851
0.413505 0.054197 0.089529
0.406165 0.052266 0.087213
0.398847 0.050341 0.084903
0.391554 0.048422 0.082600
0.384284 0.046510 0.080304
0.377038 0.044604 0.078014
0.369816 0.042706 0.075731
0.362619 0.040814 0.073454
0.355446 0.038920 0.071185
0.348299 0.037078 0.068922
0.341176 0.035294 0.066667
