1.000000 0.992157 0.905882
0.999315 0.990578 0.895797
0.998640 0.988986 0.885681
0.997974 0.987382 0.875532
0.997318 0.985765 0.865349
0.996672 0.984135 0.855131
0.996036 0.982493 0.844876
0.995408 0.980838 0.834582
0.994791 0.979171 0.824247
0.994182 0.977492 0.813870
0.993583 0.975800 0.803448
0.992994 0.974095 0.792979
0.992413 0.972378 0.782460
0.991841 0.970649 0.771890
0.991279 0.968907 0.761266
0.990725 0.967153 0.750585
0.990181 0.965386 0.739843
0.989645 0.963607 0.729039
0.989118 0.961816 0.718167
0.988600 0.960012 0.707225
0.988090 0.958196 0.696209
0.987589 0.956368 0.685115
0.987097 0.954527 0.673937
0.986613 0.952674 0.662671
0.986137 0.950809 0.651312
0.985670 0.948931 0.639854
0.985211 0.947042 0.628290
0.984760 0.945140 0.616614
0.984317 0.943226 0.604819
0.983882 0.941299 0.592895
0.983455 0.939361 0.580835
0.983036 0.937410 0.568628
0.982625 0.935447 0.556263
0.982221 0.933472 0.543728
0.981825 0.931484 0.531010
0.981437 0.929485 0.518093
0.981056 0.927473 0.504961
0.980683 0.925449 0.491593
0.980317 0.923414 0.477969
0.979958 0.921366 0.464062
0.979606 0.919305 0.449844
0.979262 0.917233 0.435282
0.978925 0.915149 0.420335
0.978594 0.913052 0.404958
0.978271 0.910944 0.389094
0.977954 0.908823 0.372676
0.977644 0.906691 0.355621
0.977341 0.904546 0.337825
0.977044 0.902389 0.319154
0.976754 0.900220 0.299435
0.976471 0.898039 0.278431
0.975626 0.893081 0.273685
0.974754 0.888129 0.268970
0.973854 0.883183 0.264287
0.972926 0.878243 0.259636
0.971971 0.873309 0.255017
0.970988 0.868381 0.250430
0.969978 0.863459 0.245876
0.968941 0.858544 0.241354
0.967876 0.853635 0.236867
0.966784 0.848733 0.232412
0.965665 0.843837 0.227992
0.964520 0.838948 0.223606
0.963347 0.834065 0.219255
0.962147 0.829190 0.214939
0.960921 0.824321 0.210658
0.959668 0.819459 0.206414
0.958389 0.814604 0.202206
0.957083 0.809757 0.198036
0.955751 0.804916 0.193904
0.954393 0.800083 0.189809
0.953009 0.795257 0.185754
0.951598 0.790439 0.181739
0.950162 0.785628 0.177765
0.948700 0.780824 0.173831
0.947212 0.776029 0.169940
0.945698 0.771241 0.166092
0.944159 0.766460 0.162288
0.942595 0.761688 0.158529
0.941005 0.756923 0.154816
0.939390 0.752167 0.151151
0.937750 0.747419 0.147534
0.936085 0.742678 0.143966
0.934395 0.737946 0.140450
0.932680 0.733223 0.136986
0.930941 0.728507 0.133577
0.929177 0.723800 0.130222
0.927388 0.719102 0.126925
0.925575 0.714412 0.123687
0.923738 0.709730 0.120510
0.921877 0.705058 0.117396
0.919992 0.700394 0.114347
0.918082 0.695739 0.111364
0.916149 0.691093 0.108451
0.914193 0.686456 0.105609
0.912212 0.681827 0.102841
0.910209 0.677208 0.100150
0.908181 0.672598 0.097536
0.906131 0.667997 0.095005
0.904057 0.663406 0.092557
0.901961 0.658824 0.090196
0.898839 0.653121 0.088622
0.895684 0.647436 0.087190
0.892495 0.641768 0.085900
0.889272 0.636118 0.084751
0.886017 0.630484 0.083741
0.882728 0.624868 0.082870
0.879407 0.619270 0.082134
0.876054 0.613689 0.081532
0.872669 0.608125 0.081058
0.869252 0.602580 0.080711
0.865803 0.597052 0.080485
0.862323 0.591542 0.080375
0.858813 0.586050 0.080377
0.855272 0.580576 0.080486
0.851700 0.575120 0.080696
0.848099 0.569683 0.081000
0.844467 0.564264 0.081395
0.840806 0.558863 0.081872
0.837116 0.553480 0.082428
0.833397 0.548116 0.083056
0.829650 0.542771 0.083750
0.825874 0.537444 0.084505
0.822069 0.532136 0.085315
0.818238 0.526847 0.086176
0.814378 0.521576 0.087081
0.810492 0.516325 0.088026
0.806578 0.511092 0.089007
0.802638 0.505878 0.090019
0.798671 0.500684 0.091057
0.794679 0.495508 0.092118
0.790660 0.490352 0.093199
0.786616 0.485215 0.094295
0.782547 0.480097 0.095402
0.778453 0.474998 0.096519
0.774335 0.469919 0.097642
0.770192 0.464859 0.098768
0.766025 0.459819 0.099895
0.761834 0.454798 0.101021
0.757620 0.449797 0.102142
0.753383 0.444815 0.103258
0.749123 0.439853 0.104365
0.744840 0.434910 0.105463
0.740535 0.429987 0.106550
0.736209 0.425084 0.107624
0.731860 0.420200 0.108683
0.727490 0.415336 0.109728
0.723100 0.410492 0.110755
0.718688 0.405668 0.111764
0.714256 0.400863 0.112755
0.709804 0.396078 0.113725
0.702667 0.390975 0.112108
0.695537 0.385886 0.110482
0.688414 0.380814 0.108847
0.681298 0.375756 0.107203
0.674190 0.370715 0.105550
0.667089 0.365689 0.103887
0.659996 0.360679 0.102216
0.652911 0.355685 0.100536
0.645835 0.350706 0.098847
0.638766 0.345743 0.097149
0.631706 0.340797 0.095442
0.624654 0.335866 0.093726
0.617611 0.330951 0.092001
0.610577 0.326052 0.090266
0.603552 0.321169 0.088523
0.596536 0.316302 0.086771
0.589529 0.311451 0.085009
0.582532 0.306617 0.083239
0.575545 0.301799 0.081459
0.568567 0.296997 0.079670
0.561599 0.292211 0.077871
0.554642 0.287442 0.076064
0.547694 0.282689 0.074247
0.540758 0.277953 0.072421
0.533832 0.273233 0.070585
0.526917 0.268530 0.068740
0.520012 0.263843 0.066885
0.513119 0.259173 0.065021
0.506238 0.254520 0.063147
0.499368 0.249884 0.061263
0.492510 0.245264 0.059369
0.485663 0.240662 0.057465
0.478829 0.236076 0.055550
0.472007 0.231508 0.053625
0.465198 0.226957 0.051690
0.458402 0.222422 0.049744
0.451618 0.217905 0.047787
0.444848 0.213406 0.045818
0.438091 0.208924 0.043838
0.431347 0.204459 0.041846
0.424617 0.200011 0.039834
0.417902 0.195582 0.037832
0.411200 0.191169 0.035876
0.404513 0.186775 0.033968
0.397840 0.182398 0.032108
0.391183 0.178040 0.030296
0.384540 0.173699 0.028532
0.377913 0.169376 0.026817
0.371302 0.165071 0.025149
0.364706 0.160784 0.023529
0.359017 0.158376 0.021767
0.353346 0.155967 0.020100
0.347693 0.153559 0.018525
0.342058 0.151150 0.017039
0.336442 0.148742 0.015637
0.330845 0.146334 0.014318
0.325267 0.143926 0.013077
0.319708 0.141519 0.011912
0.314168 0.139112 0.010820
0.308648 0.136705 0.009797
0.303148 0.134298 0.008840
0.297668 0.131892 0.007948
0.292207 0.129487 0.007116
0.286768 0.127082 0.006343
0.281349 0.124677 0.005626
0.275950 0.122274 0.004961
0.270573 0.119871 0.004348
0.265217 0.117468 0.003783
0.259882 0.115067 0.003263
0.254569 0.112666 0.002788
0.249278 0.110267 0.002354
0.244009 0.107868 0.001959
0.238762 0.105471 0.001601
0.233538 0.103074 0.001278
0.228337 0.100679 0.000989
0.223158 0.098286 0.000731
0.218003 0.095894 0.000502
0.212872 0.093503 0.000301
0.207764 0.091114 0.000126
0.202680 0.088727 0.000000
0.197621 0.086342 0.000000
0.192586 0.083958 0.000000
0.187575 0.081577 0.000000
0.182590 0.079198 0.000000
0.177630 0.076821 0.000000
0.172696 0.074447 0.000000
0.167788 0.072075 0.000000
0.162905 0.069706 0.000000
0.158050 0.067340 0.000000
0.153221 0.064977 0.000000
0.148419 0.062617 0.000000
0.143644 0.060260 0.000000
0.138897 0.057906 0.000000
0.134178 0.055557 0.000000
0.129488 0.053211 0.000000
0.124826 0.050869 0.000000
0.120193 0.048531 0.000000
0.115590 0.046198 0.000000
0.111017 0.043869 0.000000
0.106473 0.041545 0.000000
0.101961 0.039216 0.000000
