0.101961 0.047059 0.168627
0.104268 0.048268 0.172213
0.106581 0.049480 0.175810
0.108900 0.050693 0.179419
0.111225 0.051907 0.183039
0.113556 0.053124 0.186671
0.115892 0.054343 0.190315
0.118234 0.055563 0.193969
0.120581 0.056785 0.197635
0.122934 0.058009 0.201312
0.125293 0.059234 0.205000
0.127656 0.060462 0.208699
0.130025 0.061691 0.212409
0.132400 0.062922 0.216130
0.134779 0.064156 0.219861
0.137164 0.065390 0.223603
0.139554 0.066627 0.227356
0.141949 0.067866 0.231119
0.144349 0.069106 0.234893
0.146754 0.070349 0.238677
0.149164 0.071593 0.242471
0.151578 0.072839 0.246276
0.153998 0.074087 0.250090
0.156422 0.075337 0.253915
0.158851 0.076589 0.257750
0.161285 0.077842 0.261595
0.163723 0.079098 0.265449
0.166166 0.080355 0.269314
0.168613 0.081615 0.273188
0.171065 0.082876 0.277072
0.173522 0.084139 0.280966
0.175983 0.085404 0.284869
0.178448 0.086671 0.288782
0.180918 0.087940 0.292704
0.183391 0.089211 0.296636
0.185870 0.090483 0.300577
0.188352 0.091758 0.304527
0.190839 0.093034 0.308487
0.193329 0.094313 0.312456
0.195824 0.095593 0.316434
0.198323 0.096876 0.320421
0.200826 0.098160 0.324417
0.203333 0.099446 0.328423
0.205844 0.100734 0.332437
0.208359 0.102024 0.336460
0.210878 0.103316 0.340492
0.213401 0.104609 0.344533
0.215927 0.105905 0.348583
0.218457 0.107203 0.352641
0.220992 0.108502 0.356708
0.223529 0.109804 0.360784
0.226659 0.112054 0.365138
0.229795 0.114309 0.369501
0.232939 0.116568 0.373872
0.236091 0.118831 0.378252
0.239249 0.121099 0.382641
0.242415 0.123371 0.387038
0.245587 0.125647 0.391443
0.248767 0.127928 0.395857
0.251954 0.130213 0.400279
0.255148 0.132503 0.404710
0.258349 0.134796 0.409148
0.261556 0.137094 0.413595
0.264771 0.139397 0.418050
0.267993 0.141703 0.422514
0.271221 0.144014 0.426985
0.274456 0.146329 0.431464
0.277698 0.148648 0.435952
0.280946 0.150971 0.440447
0.284201 0.153299 0.444950
0.287463 0.155631 0.449461
0.290731 0.157967 0.453980
0.294006 0.160307 0.458506
0.297287 0.162651 0.463040
0.300575 0.165000 0.467582
0.303870 0.167352 0.472132
0.307170 0.169709 0.476689
0.310478 0.172069 0.481253
0.313791 0.174434 0.485826
0.317111 0.176803 0.490405
0.320437 0.179175 0.494992
0.323769 0.181552 0.499587
0.327108 0.183933 0.504188
0.330453 0.186318 0.508797
0.333804 0.188706 0.513414
0.337161 0.191099 0.518037
0.340524 0.193495 0.522668
0.343893 0.195896 0.527306
0.347268 0.198300 0.531951
0.350650 0.200708 0.536603
0.354037 0.203121 0.541262
0.357431 0.205537 0.545929
0.360830 0.207956 0.550602
0.364235 0.210380 0.555282
0.367646 0.212807 0.559969
0.371063 0.215239 0.564663
0.374486 0.217674 0.569364
0.377915 0.220112 0.574072
0.381349 0.222555 0.578786
0.384789 0.225001 0.583507
0.388235 0.227451 0.588235
0.392494 0.231908 0.592765
0.396762 0.236360 0.597298
0.401040 0.240809 0.601836
0.405327 0.245255 0.606378
0.409624 0.249698 0.610923
0.413931 0.254139 0.615473
0.418246 0.258578 0.620027
0.422571 0.263016 0.624585
0.426905 0.267452 0.629147
0.431248 0.271888 0.633713
0.435600 0.276324 0.638283
0.439961 0.280759 0.642857
0.444331 0.285194 0.647435
0.448710 0.289630 0.652018
0.453097 0.294067 0.656604
0.457494 0.298504 0.661194
0.461899 0.302943 0.665788
0.466312 0.307383 0.670387
0.470734 0.311824 0.674989
0.475165 0.316268 0.679595
0.479604 0.320713 0.684205
0.484051 0.325160 0.688819
0.488507 0.329610 0.693438
0.492971 0.334061 0.698060
0.497443 0.338516 0.702686
0.501923 0.342973 0.707316
0.506411 0.347433 0.711950
0.510907 0.351895 0.716588
0.515412 0.356361 0.721230
0.519924 0.360830 0.725875
0.524444 0.365302 0.730525
0.528972 0.369777 0.735179
0.533508 0.374256 0.739836
0.538051 0.378738 0.744498
0.542603 0.383224 0.749163
0.547162 0.387713 0.753832
0.551728 0.392206 0.758506
0.556302 0.396703 0.763183
0.560884 0.401204 0.767863
0.565473 0.405708 0.772548
0.570069 0.410217 0.777237
0.574673 0.414729 0.781929
0.579284 0.419246 0.786626
0.583903 0.423767 0.791326
0.588528 0.428292 0.796030
0.593161 0.432821 0.800738
0.597801 0.437354 0.805450
0.602449 0.441892 0.810165
0.607103 0.446434 0.814885
0.611765 0.450980 0.819608
0.615957 0.456760 0.821470
0.620150 0.462530 0.823330
0.624344 0.468292 0.825187
0.628539 0.474047 0.827041
0.632734 0.479796 0.828891
0.636930 0.485537 0.830739
0.641126 0.491273 0.832584
0.645321 0.497004 0.834427
0.649517 0.502730 0.836266
0.653712 0.508452 0.838103
0.657907 0.514169 0.839937
0.662101 0.519883 0.841768
0.666294 0.525595 0.843597
0.670487 0.531303 0.845423
0.674678 0.537009 0.847247
0.678868 0.542713 0.849068
0.683056 0.548416 0.850886
0.687243 0.554117 0.852703
0.691429 0.559817 0.854517
0.695612 0.565516 0.856328
0.699793 0.571215 0.858137
0.703973 0.576914 0.859944
0.708150 0.582613 0.861749
0.712324 0.588312 0.863551
0.716497 0.594012 0.865352
0.720666 0.599712 0.867150
0.724833 0.605414 0.868946
0.728996 0.611117 0.870741
0.733157 0.616821 0.872533
0.737314 0.622527 0.874323
0.741469 0.628235 0.876112
0.745619 0.633945 0.877899
0.749766 0.639658 0.879684
0.753910 0.645372 0.881467
0.758050 0.651090 0.883248
0.762185 0.656810 0.885028
0.766317 0.662533 0.886807
0.770444 0.668258 0.888583
0.774568 0.673988 0.890359
0.778687 0.679720 0.892133
0.782801 0.685456 0.893905
0.786911 0.691195 0.895676
0.791015 0.696939 0.897446
0.795116 0.702686 0.899215
0.799211 0.708437 0.900982
0.803301 0.714192 0.902749
0.807386 0.719951 0.904514
0.811465 0.725715 0.906278
0.815539 0.731482 0.908041
0.819608 0.737255 0.909804
0.822168 0.740823 0.911126
0.824728 0.744393 0.912448
0.827287 0.747964 0.913769
0.829845 0.751537 0.915090
0.832403 0.755112 0.916410
0.834959 0.758688 0.917729
0.837515 0.762266 0.919047
0.840071 0.765846 0.920364
0.842625 0.769427 0.921681
0.845179 0.773011 0.922997
0.847732 0.776595 0.924313
0.850284 0.780182 0.925628
0.852835 0.783771 0.926942
0.855386 0.787361 0.928256
0.857935 0.790953 0.929568
0.860484 0.794547 0.930881
0.863032 0.798143 0.932192
0.865579 0.801741 0.933503
0.868125 0.805340 0.934814
0.870670 0.808942 0.936123
0.873214 0.812545 0.937433
0.875757 0.816150 0.938741
0.878299 0.819757 0.940049
0.880840 0.823366 0.941357
0.883380 0.826977 0.942663
0.885919 0.830590 0.943970
0.888457 0.834205 0.945276
0.890994 0.837821 0.946581
0.893530 0.841440 0.947885
0.896065 0.845061 0.949190
0.898598 0.848683 0.950493
0.901131 0.852308 0.951796
0.903662 0.855935 0.953099
0.906193 0.859564 0.954401
0.908722 0.863194 0.955703
0.911250 0.866827 0.957004
0.913777 0.870462 0.958305
0.916302 0.874099 0.959605
0.918827 0.877738 0.960905
0.921350 0.881379 0.962204
0.923872 0.885022 0.963503
0.926392 0.888667 0.964802
0.928912 0.892314 0.966100
0.931430 0.895964 0.967397
0.933947 0.899615 0.968695
0.936462 0.903269 0.969992
0.938976 0.906924 0.971288
0.941489 0.910582 0.972584
0.944001 0.914242 0.973880
0.946511 0.917904 0.975175
0.949020 0.921569 0.976470
