0.023529 0.258824 0.250980
0.024408 0.263005 0.255017
0.025309 0.267197 0.259064
0.026231 0.271400 0.263120
0.027176 0.275614 0.267185
0.028144 0.279839 0.271261
0.029134 0.284075 0.275345
0.030148 0.288321 0.279439
0.031185 0.292578 0.283543
0.032247 0.296846 0.287655
0.033332 0.301124 0.291777
0.034442 0.305412 0.295907
0.035576 0.309711 0.300047
0.036736 0.314020 0.304195
0.037921 0.318339 0.308352
0.039131 0.322668 0.312518
0.040367 0.327007 0.316693
0.041600 0.331356 0.320876
0.042836 0.335715 0.325067
0.044075 0.340084 0.329268
0.045317 0.344462 0.333476
0.046563 0.348850 0.337693
0.047812 0.353248 0.341918
0.049065 0.357655 0.346151
0.050322 0.362072 0.350393
0.051582 0.366498 0.354642
0.052846 0.370934 0.358900
0.054113 0.375379 0.363165
0.055383 0.379833 0.367438
0.056657 0.384297 0.371720
0.057935 0.388769 0.376008
0.059216 0.393251 0.380305
0.060500 0.397742 0.384609
0.061788 0.402242 0.388921
0.063079 0.406750 0.393241
0.064373 0.411268 0.397568
0.065671 0.415794 0.401902
0.066972 0.420329 0.406244
0.068277 0.424873 0.410593
0.069585 0.429426 0.414949
0.070896 0.433987 0.419313
0.072211 0.438557 0.423684
0.073529 0.443135 0.428062
0.074850 0.447722 0.432447
0.076175 0.452317 0.436839
0.077503 0.456921 0.441238
0.078834 0.461533 0.445644
0.080169 0.466154 0.450057
0.081506 0.470782 0.454477
0.082847 0.475419 0.458904
0.084192 0.480064 0.463337
0.085539 0.484717 0.467777
0.086890 0.489379 0.472224
0.088244 0.494048 0.476678
0.089601 0.498726 0.481138
0.090962 0.503411 0.485604
0.092326 0.508104 0.490078
0.093692 0.512805 0.494557
0.095063 0.517515 0.499043
0.096436 0.522231 0.503536
0.097812 0.526956 0.508034
0.099192 0.531689 0.512540
0.100575 0.536429 0.517051
0.101961 0.541176 0.521569
0.128871 0.547784 0.528656
0.152092 0.554397 0.535747
0.172973 0.561015 0.542842
0.192223 0.567638 0.549941
0.210269 0.574266 0.557043
0.227389 0.580899 0.564148
0.243774 0.587537 0.571256
0.259563 0.594181 0.578366
0.274860 0.600829 0.585480
0.289744 0.607483 0.592595
0.304280 0.614143 0.599713
0.318515 0.620808 0.606833
0.332493 0.627478 0.613954
0.346246 0.634154 0.621077
0.359802 0.640835 0.628201
0.373186 0.647522 0.635327
0.386418 0.654215 0.642453
0.399514 0.660913 0.649581
0.412491 0.667617 0.656709
0.425360 0.674326 0.663837
0.438135 0.681041 0.670966
0.450824 0.687763 0.678094
0.463437 0.694489 0.685223
0.475981 0.701222 0.692352
0.488463 0.707961 0.699480
0.500891 0.714705 0.706607
0.513269 0.721455 0.713734
0.525602 0.728212 0.720860
0.537896 0.734974 0.727985
0.550154 0.741742 0.735109
0.562381 0.748517 0.742231
0.574579 0.755297 0.749352
0.586752 0.762084 0.756472
0.598902 0.768876 0.763589
0.611033 0.775675 0.770705
0.623147 0.782480 0.777818
0.635245 0.789291 0.784930
0.647331 0.796108 0.792039
0.659406 0.802932 0.799145
0.671471 0.809762 0.806249
0.683529 0.816598 0.813351
0.695580 0.823441 0.820449
0.707627 0.830289 0.827544
0.719670 0.837144 0.834637
0.731711 0.844006 0.841725
0.743750 0.850874 0.848811
0.755790 0.857748 0.855893
0.767830 0.864629 0.862971
0.779872 0.871516 0.870046
0.791916 0.878410 0.877117
0.803964 0.885310 0.884183
0.816016 0.892217 0.891246
0.828072 0.899130 0.898304
0.840134 0.906050 0.905358
0.852202 0.912977 0.912407
0.864276 0.919910 0.919452
0.876358 0.926849 0.926492
0.888447 0.933796 0.933527
0.900544 0.940749 0.940558
0.912649 0.947708 0.947583
0.924763 0.954675 0.954603
0.936887 0.961648 0.961618
0.949020 0.968627 0.968627
0.933080 0.962962 0.964146
0.917133 0.957176 0.960349
0.901233 0.951254 0.957205
0.885440 0.945179 0.954680
0.869812 0.938934 0.952734
0.854409 0.932504 0.951327
0.839295 0.925876 0.950416
0.824531 0.919037 0.949953
0.810181 0.911974 0.949891
0.796307 0.904677 0.950181
0.782972 0.897136 0.950771
0.770237 0.889343 0.951609
0.758162 0.881289 0.952641
0.746801 0.872970 0.953815
0.736209 0.864379 0.955075
0.726432 0.855514 0.956368
0.717512 0.846371 0.957639
0.709487 0.836949 0.958834
0.702382 0.827249 0.959900
0.696220 0.817270 0.960783
0.691011 0.807017 0.961432
0.686759 0.796491 0.961796
0.683456 0.785697 0.961824
0.681087 0.774642 0.961468
0.679629 0.763331 0.960679
0.679048 0.751772 0.959413
0.679305 0.739974 0.957624
0.680355 0.727946 0.955271
0.682146 0.715699 0.952313
0.684621 0.703242 0.948712
0.687723 0.690587 0.944431
0.691390 0.677747 0.939436
0.695560 0.664733 0.933695
0.700170 0.651558 0.927180
0.705158 0.638235 0.919864
0.710463 0.624778 0.911723
0.716027 0.611197 0.902736
0.721791 0.597507 0.892885
0.727701 0.583720 0.882154
0.733704 0.569847 0.870531
0.739752 0.555900 0.858006
0.745796 0.541889 0.844572
0.751792 0.527826 0.830226
0.757699 0.513717 0.814966
0.763478 0.499573 0.798794
0.769092 0.485400 0.781714
0.774506 0.471205 0.763733
0.779687 0.456992 0.744860
0.784606 0.442766 0.725105
0.789232 0.428529 0.704481
0.793538 0.414285 0.683002
0.797499 0.400035 0.660681
0.801089 0.385778 0.637533
0.804284 0.371517 0.613571
0.807062 0.357249 0.588807
0.809401 0.342977 0.563248
0.811279 0.328699 0.536898
0.812676 0.314418 0.509752
0.813572 0.300135 0.481793
0.813948 0.285857 0.452991
0.813784 0.271589 0.423290
0.813062 0.257344 0.392601
0.811765 0.243137 0.360784
0.802817 0.239640 0.356222
0.793888 0.236151 0.351670
0.784977 0.232669 0.347130
0.776085 0.229195 0.342601
0.767212 0.225728 0.338083
0.758358 0.222269 0.333576
0.749522 0.218818 0.329080
0.740707 0.215375 0.324596
0.731910 0.211940 0.320123
0.723133 0.208512 0.315661
0.714375 0.205093 0.311212
0.705637 0.201681 0.306773
0.696919 0.198278 0.302347
0.688221 0.194882 0.297932
0.679543 0.191495 0.293529
0.670885 0.188116 0.289138
0.662248 0.184745 0.284759
0.653631 0.181382 0.280392
0.645035 0.178028 0.276037
0.636460 0.174682 0.271695
0.627906 0.171344 0.267365
0.619373 0.168015 0.263047
0.610862 0.164695 0.258741
0.602372 0.161383 0.254449
0.593903 0.158079 0.250169
0.585457 0.154785 0.245901
0.577032 0.151499 0.241647
0.568630 0.148221 0.237405
0.560250 0.144953 0.233177
0.551893 0.141693 0.228962
0.543558 0.138442 0.224760
0.535246 0.135200 0.220571
0.526958 0.131967 0.216396
0.518692 0.128743 0.212234
0.510451 0.125529 0.208086
0.502232 0.122323 0.203952
0.494038 0.119126 0.199832
0.485868 0.115939 0.195725
0.477723 0.112760 0.191633
0.469602 0.109591 0.187556
0.461505 0.106432 0.183492
0.453434 0.103281 0.179443
0.445388 0.100140 0.175409
0.437368 0.097008 0.171389
0.429373 0.093885 0.167385
0.421405 0.090772 0.163396
0.413462 0.087668 0.159421
0.405547 0.084573 0.155462
0.397658 0.081488 0.151519
0.389796 0.078412 0.147591
0.381961 0.075345 0.143680
0.374154 0.072287 0.139784
0.366375 0.069239 0.135904
0.358625 0.066199 0.132041
0.350903 0.063169 0.128194
0.343210 0.060147 0.124364
0.335546 0.057134 0.120551
0.327912 0.054129 0.116755
0.320307 0.051133 0.112976
0.312733 0.048145 0.109215
0.305190 0.045164 0.105472
0.297677 0.042191 0.101746
0.290196 0.039216 0.098039
