0.219608 0.039216 0.168627
0.224389 0.040321 0.172395
0.229187 0.041419 0.176174
0.234001 0.042513 0.179964
0.238833 0.043606 0.183764
0.243680 0.044698 0.187575
0.248544 0.045788 0.191397
0.253424 0.046877 0.195229
0.258319 0.047965 0.199072
0.263231 0.049051 0.202924
0.268158 0.050136 0.206787
0.273101 0.051219 0.210660
0.278059 0.052301 0.214543
0.283033 0.053382 0.218435
0.288021 0.054461 0.222337
0.293025 0.055540 0.226249
0.298044 0.056616 0.230170
0.303077 0.057692 0.234100
0.308126 0.058766 0.238040
0.313188 0.059840 0.241988
0.318266 0.060911 0.245946
0.323358 0.061982 0.249912
0.328463 0.063051 0.253888
0.333584 0.064119 0.257872
0.338718 0.065186 0.261865
0.343866 0.066252 0.265867
0.349028 0.067316 0.269876
0.354204 0.068380 0.273895
0.359394 0.069442 0.277921
0.364597 0.070503 0.281956
0.369813 0.071562 0.285999
0.375043 0.072621 0.290051
0.380287 0.073678 0.294110
0.385543 0.074734 0.298177
0.390813 0.075789 0.302252
0.396096 0.076843 0.306334
0.401392 0.077896 0.310425
0.406701 0.078947 0.314522
0.412022 0.079997 0.318628
0.417356 0.081047 0.322741
0.422703 0.082095 0.326861
0.428063 0.083141 0.330989
0.433435 0.084187 0.335124
0.438820 0.085232 0.339266
0.444217 0.086275 0.343416
0.449626 0.087317 0.347572
0.455047 0.088358 0.351736
0.460481 0.089398 0.355906
0.465927 0.090437 0.360083
0.471384 0.091475 0.364267
0.476854 0.092511 0.368458
0.482336 0.093547 0.372656
0.487829 0.094581 0.376860
0.493334 0.095614 0.381071
0.498851 0.096646 0.385288
0.504380 0.097677 0.389512
0.509920 0.098706 0.393742
0.515471 0.099735 0.397979
0.521034 0.100762 0.402222
0.526609 0.101789 0.406471
0.532195 0.102814 0.410726
0.537792 0.103838 0.414988
0.543400 0.104861 0.419256
0.549020 0.105882 0.423529
0.556135 0.126119 0.433158
0.563204 0.144634 0.442768
0.570229 0.161955 0.452359
0.577210 0.178398 0.461929
0.584148 0.194174 0.471478
0.591046 0.209426 0.481003
0.597903 0.224260 0.490505
0.604722 0.238752 0.499982
0.611504 0.252965 0.509433
0.618250 0.266944 0.518857
0.624961 0.280726 0.528254
0.631638 0.294343 0.537622
0.638284 0.307819 0.546961
0.644898 0.321175 0.556269
0.651483 0.334427 0.565546
0.658040 0.347591 0.574791
0.664570 0.360679 0.584003
0.671075 0.373701 0.593181
0.677555 0.386667 0.602325
0.684012 0.399584 0.611433
0.690448 0.412460 0.620506
0.696864 0.425301 0.629542
0.703262 0.438111 0.638540
0.709642 0.450895 0.647500
0.716006 0.463658 0.656421
0.722356 0.476403 0.665302
0.728692 0.489134 0.674144
0.735017 0.501853 0.682944
0.741332 0.514562 0.691703
0.747639 0.527264 0.700419
0.753938 0.539962 0.709093
0.760231 0.552656 0.717723
0.766520 0.565348 0.726309
0.772806 0.578040 0.734851
0.779091 0.590734 0.743347
0.785376 0.603429 0.751797
0.791663 0.616128 0.760202
0.797953 0.628831 0.768559
0.804248 0.641539 0.776868
0.810549 0.654253 0.785130
0.816858 0.666973 0.793343
0.823177 0.679700 0.801507
0.829506 0.692434 0.809621
0.835847 0.705176 0.817686
0.842203 0.717926 0.825700
0.848574 0.730685 0.833663
0.854963 0.743452 0.841574
0.861370 0.756229 0.849433
0.867797 0.769014 0.857240
0.874246 0.781809 0.864994
0.880719 0.794614 0.872694
0.887217 0.807428 0.880341
0.893741 0.820252 0.887934
0.900293 0.833085 0.895471
0.906875 0.845929 0.902954
0.913488 0.858782 0.910381
0.920134 0.871644 0.917753
0.926814 0.884516 0.925068
0.933530 0.897398 0.932326
0.940284 0.910290 0.939527
0.947076 0.923190 0.946671
0.953909 0.936100 0.953757
0.960784 0.949020 0.960784
0.953827 0.939571 0.954830
0.946658 0.930194 0.949077
0.939274 0.920894 0.943515
0.931672 0.911673 0.938134
0.923851 0.902534 0.932925
0.915807 0.893478 0.927875
0.907541 0.884510 0.922975
0.899049 0.875631 0.918213
0.890333 0.866842 0.913578
0.881390 0.858146 0.909057
0.872222 0.849545 0.904639
0.862828 0.841039 0.900312
0.853208 0.832630 0.896063
0.843364 0.824319 0.891881
0.833297 0.816107 0.887753
0.823008 0.807994 0.883666
0.812498 0.799980 0.879609
0.801770 0.792066 0.875569
0.790825 0.784252 0.871533
0.779666 0.776537 0.867490
0.768295 0.768920 0.863427
0.756715 0.761402 0.859333
0.744928 0.753982 0.855194
0.732938 0.746657 0.851000
0.720746 0.739428 0.846738
0.708357 0.732293 0.842398
0.695773 0.725249 0.837968
0.682997 0.718296 0.833437
0.670033 0.711432 0.828794
0.656883 0.704654 0.824029
0.643551 0.697960 0.819130
0.630039 0.691349 0.814090
0.616351 0.684816 0.808896
0.602488 0.678361 0.803541
0.588454 0.671981 0.798015
0.574250 0.665672 0.792309
0.559878 0.659431 0.786415
0.545340 0.653256 0.780325
0.530637 0.647144 0.774030
0.515768 0.641090 0.767525
0.500735 0.635093 0.760801
0.485535 0.629149 0.753852
0.470166 0.623253 0.746672
0.454626 0.617403 0.739256
0.438910 0.611595 0.731598
0.423012 0.605826 0.723693
0.406924 0.600091 0.715537
0.390635 0.594387 0.707126
0.374132 0.588710 0.698456
0.357397 0.583056 0.689524
0.340409 0.577421 0.680328
0.323140 0.571802 0.670866
0.305553 0.566193 0.661135
0.287603 0.560592 0.651134
0.269228 0.554993 0.640864
0.250349 0.549393 0.630323
0.230854 0.543787 0.619511
0.210591 0.538172 0.608429
0.189337 0.532543 0.597079
0.166752 0.526896 0.585461
0.142276 0.521227 0.573576
0.114889 0.515531 0.561429
0.082353 0.509804 0.549020
0.081351 0.504328 0.542985
0.080351 0.498863 0.536964
0.079353 0.493408 0.530958
0.078358 0.487963 0.524967
0.077364 0.482529 0.518990
0.076372 0.477105 0.513027
0.075382 0.471692 0.507079
0.074393 0.466290 0.501146
0.073407 0.460898 0.495227
0.072422 0.455517 0.489324
0.071438 0.450147 0.483435
0.070457 0.444788 0.477561
0.069476 0.439440 0.471703
0.068498 0.434103 0.465859
0.067520 0.428777 0.460031
0.066544 0.423463 0.454218
0.065570 0.418160 0.448420
0.064596 0.412868 0.442638
0.063624 0.407588 0.436871
0.062653 0.402319 0.431120
0.061683 0.397062 0.425384
0.060714 0.391817 0.419665
0.059746 0.386584 0.413961
0.058779 0.381363 0.408273
0.057813 0.376153 0.402601
0.056847 0.370956 0.396945
0.055882 0.365771 0.391306
0.054918 0.360599 0.385682
0.053955 0.355439 0.380075
0.052992 0.350291 0.374485
0.052030 0.345156 0.368911
0.051068 0.340034 0.363354
0.050107 0.334924 0.357813
0.049146 0.329828 0.352290
0.048185 0.324745 0.346783
0.047225 0.319674 0.341294
0.046264 0.314618 0.335821
0.045304 0.309574 0.330366
0.044344 0.304544 0.324929
0.043384 0.299528 0.319509
0.042424 0.294525 0.314107
0.041463 0.289537 0.308722
0.040503 0.284562 0.303356
0.039533 0.279601 0.298007
0.038575 0.274655 0.292677
0.037631 0.269723 0.287364
0.036700 0.264806 0.282071
0.035782 0.259904 0.276796
0.034877 0.255016 0.271539
0.033985 0.250143 0.266302
0.033106 0.245286 0.261083
0.032240 0.240443 0.255884
0.031386 0.235616 0.250703
0.030545 0.230805 0.245543
0.029716 0.226010 0.240402
0.028900 0.221230 0.235280
0.028096 0.216467 0.230179
0.027305 0.211720 0.225098
0.026526 0.206989 0.220037
0.025759 0.202275 0.214997
0.025003 0.197578 0.209977
0.024260 0.192898 0.204978
0.023529 0.188235 0.200000
