0.043137 0.113725 0.227451
0.044332 0.116203 0.229610
0.045542 0.118683 0.231768
0.046766 0.121165 0.233925
0.048005 0.123649 0.236080
0.049259 0.126135 0.238234
0.050527 0.128624 0.240386
0.051810 0.131115 0.242537
0.053108 0.133608 0.244686
0.054419 0.136104 0.246834
0.055746 0.138602 0.248980
0.057086 0.141102 0.251125
0.058441 0.143605 0.253269
0.059811 0.146111 0.255411
0.061194 0.148618 0.257551
0.062592 0.151129 0.259690
0.064003 0.153642 0.261828
0.065429 0.156157 0.263964
0.066869 0.158675 0.266099
0.068322 0.161195 0.268232
0.069790 0.163718 0.270364
0.071271 0.166244 0.272495
0.072766 0.168772 0.274624
0.074275 0.171302 0.276751
0.075797 0.173835 0.278878
0.077333 0.176371 0.281002
0.078882 0.178909 0.283126
0.080444 0.181450 0.285248
0.082020 0.183993 0.287368
0.083610 0.186539 0.289488
0.085212 0.189087 0.291605
0.086828 0.191638 0.293722
0.088457 0.194191 0.295837
0.090098 0.196747 0.297951
0.091753 0.199305 0.300063
0.093421 0.201866 0.302174
0.095101 0.204429 0.304284
0.096794 0.206994 0.306392
0.098500 0.209562 0.308499
0.100219 0.212133 0.310605
0.101950 0.214706 0.312710
0.103694 0.217281 0.314813
0.105450 0.219858 0.316915
0.107218 0.222438 0.319015
0.108999 0.225021 0.321115
0.110792 0.227605 0.323213
0.112597 0.230192 0.325310
0.114415 0.232782 0.327406
0.116244 0.235373 0.329500
0.118086 0.237967 0.331594
0.119940 0.240563 0.333686
0.121805 0.243161 0.335777
0.123682 0.245762 0.337867
0.125571 0.248364 0.339956
0.127472 0.250969 0.342043
0.129385 0.253577 0.344130
0.131309 0.256186 0.346215
0.133244 0.258797 0.348300
0.135192 0.261411 0.350383
0.137150 0.264026 0.352465
0.139120 0.266644 0.354546
0.141102 0.269264 0.356627
0.143094 0.271886 0.358706
0.145098 0.274510 0.360784
0.146657 0.277562 0.363108
0.148234 0.280618 0.365425
0.149829 0.283676 0.367734
0.151442 0.286737 0.370037
0.153073 0.289801 0.372332
0.154723 0.292868 0.374621
0.156392 0.295938 0.376902
0.158079 0.299011 0.379176
0.159786 0.302086 0.381443
0.161511 0.305163 0.383704
0.163256 0.308243 0.385957
0.165021 0.311326 0.388203
0.166805 0.314411 0.390442
0.168609 0.317498 0.392674
0.170433 0.320588 0.394899
0.172277 0.323680 0.397117
0.174141 0.326774 0.399329
0.176025 0.329870 0.401533
0.177929 0.332968 0.403730
0.179854 0.336069 0.405921
0.181799 0.339171 0.408105
0.183765 0.342275 0.410282
0.185752 0.345381 0.412452
0.187759 0.348489 0.414615
0.189787 0.351599 0.416771
0.191835 0.354710 0.418921
0.193905 0.357823 0.421064
0.195996 0.360938 0.423201
0.198107 0.364054 0.425331
0.200240 0.367172 0.427454
0.202393 0.370291 0.429570
0.204568 0.373411 0.431681
0.206763 0.376533 0.433784
0.208980 0.379656 0.435882
0.211217 0.382781 0.437972
0.213476 0.385907 0.440057
0.215756 0.389033 0.442135
0.218057 0.392161 0.444207
0.220379 0.395290 0.446272
0.222723 0.398420 0.448332
0.225087 0.401551 0.450385
0.227472 0.404683 0.452433
0.229878 0.407816 0.454474
0.232306 0.410950 0.456509
0.234754 0.414084 0.458538
0.237223 0.417219 0.460562
0.239713 0.420355 0.462579
0.242224 0.423492 0.464591
0.244756 0.426629 0.466597
0.247308 0.429767 0.468598
0.249881 0.432905 0.470592
0.252475 0.436043 0.472582
0.255089 0.439183 0.474566
0.257724 0.442322 0.476544
0.260380 0.445462 0.478517
0.263056 0.448602 0.480485
0.265752 0.451742 0.482448
0.268468 0.454883 0.484405
0.271205 0.458024 0.486357
0.273962 0.461165 0.488305
0.276739 0.464306 0.490247
0.279536 0.467447 0.492185
0.282353 0.470588 0.494118
0.284525 0.473993 0.496732
0.286708 0.477402 0.499339
0.288903 0.480814 0.501938
0.291110 0.484230 0.504530
0.293330 0.487649 0.507114
0.295561 0.491072 0.509691
0.297805 0.494498 0.512260
0.300062 0.497927 0.514822
0.302331 0.501360 0.517376
0.304613 0.504796 0.519922
0.306908 0.508235 0.522461
0.309216 0.511677 0.524991
0.311537 0.515122 0.527514
0.313872 0.518571 0.530029
0.316220 0.522022 0.532536
0.318582 0.525476 0.535036
0.320958 0.528933 0.537527
0.323347 0.532393 0.540010
0.325751 0.535856 0.542485
0.328169 0.539321 0.544952
0.330600 0.542789 0.547411
0.333047 0.546260 0.549862
0.335508 0.549733 0.552305
0.337983 0.553209 0.554740
0.340474 0.556687 0.557166
0.342979 0.560168 0.559584
0.345499 0.563651 0.561994
0.348034 0.567136 0.564396
0.350585 0.570624 0.566789
0.353151 0.574113 0.569174
0.355732 0.577605 0.571551
0.358329 0.581100 0.573919
0.360942 0.584596 0.576279
0.363570 0.588094 0.578631
0.366214 0.591594 0.580974
0.368874 0.595096 0.583308
0.371551 0.598600 0.585635
0.374243 0.602106 0.587953
0.376952 0.605614 0.590262
0.379677 0.609123 0.592563
0.382418 0.612634 0.594855
0.385176 0.616146 0.597139
0.387951 0.619660 0.599415
0.390742 0.623176 0.601682
0.393551 0.626693 0.603940
0.396376 0.630212 0.606190
0.399218 0.633732 0.608431
0.402077 0.637253 0.610664
0.404953 0.640775 0.612888
0.407847 0.644299 0.615104
0.410757 0.647824 0.617312
0.413685 0.651350 0.619510
0.416631 0.654877 0.621701
0.419594 0.658405 0.623883
0.422575 0.661934 0.626056
0.425573 0.665464 0.628221
0.428589 0.668995 0.630377
0.431622 0.672527 0.632525
0.434674 0.676059 0.634664
0.437743 0.679592 0.636795
0.440830 0.683126 0.638918
0.443936 0.686661 0.641032
0.447059 0.690196 0.643137
0.452494 0.693431 0.645449
0.457919 0.696666 0.647774
0.463336 0.699900 0.650113
0.468743 0.703132 0.652467
0.474142 0.706365 0.654835
0.479532 0.709596 0.657217
0.484915 0.712827 0.659613
0.490289 0.716058 0.662024
0.495656 0.719287 0.664450
0.501015 0.722517 0.666890
0.506367 0.725745 0.669345
0.511712 0.728974 0.671815
0.517050 0.732202 0.674301
0.522381 0.735430 0.676801
0.527705 0.738657 0.679317
0.533023 0.741884 0.681848
0.538335 0.745111 0.684395
0.543640 0.748338 0.686957
0.548938 0.751564 0.689535
0.554231 0.754791 0.692129
0.559517 0.758017 0.694738
0.564798 0.761244 0.697364
0.570073 0.764471 0.700005
0.575342 0.767697 0.702663
0.580605 0.770924 0.705337
0.585862 0.774151 0.708027
0.591114 0.777378 0.710734
0.596360 0.780606 0.713457
0.601600 0.783834 0.716196
0.606835 0.787062 0.718952
0.612064 0.790291 0.721725
0.617288 0.793520 0.724515
0.622506 0.796749 0.727321
0.627719 0.799980 0.730144
0.632927 0.803210 0.732985
0.638129 0.806442 0.735842
0.643325 0.809674 0.738716
0.648516 0.812907 0.741608
0.653702 0.816141 0.744516
0.658882 0.819375 0.747442
0.664057 0.822611 0.750385
0.669226 0.825847 0.753346
0.674390 0.829085 0.756324
0.679548 0.832323 0.759320
0.684701 0.835563 0.762333
0.689848 0.838803 0.765363
0.694989 0.842045 0.768412
0.700125 0.845288 0.771478
0.705256 0.848533 0.774561
0.710380 0.851778 0.777662
0.715500 0.855026 0.780782
0.720613 0.858274 0.783918
0.725720 0.861524 0.787073
0.730822 0.864776 0.790246
0.735918 0.868029 0.793436
0.741008 0.871284 0.796645
0.746092 0.874540 0.799871
0.751171 0.877799 0.803115
0.756243 0.881059 0.806378
0.761309 0.884320 0.809658
0.766369 0.887584 0.812957
0.771423 0.890850 0.816273
0.776471 0.894118 0.819608
