0.039216 0.039216 0.039216
0.042016 0.042016 0.042016
0.044822 0.044822 0.044822
0.047645 0.047645 0.047645
0.050483 0.050483 0.050483
0.053336 0.053336 0.053336
0.056205 0.056205 0.056205
0.059088 0.059088 0.059088
0.061986 0.061986 0.061986
0.064899 0.064899 0.064899
0.067826 0.067826 0.067826
0.070766 0.070766 0.070766
0.073721 0.073721 0.073721
0.076689 0.076689 0.076689
0.079671 0.079671 0.079671
0.082666 0.082666 0.082666
0.085674 0.085674 0.085674
0.088695 0.088695 0.088695
0.091728 0.091728 0.091728
0.094774 0.094774 0.094774
0.097833 0.097833 0.097833
0.100904 0.100904 0.100904
0.103987 0.103987 0.103987
0.107082 0.107082 0.107082
0.110189 0.110189 0.110189
0.113308 0.113308 0.113308
0.116438 0.116438 0.116438
0.119580 0.119580 0.119580
0.122733 0.122733 0.122733
0.125898 0.125898 0.125898
0.129073 0.129073 0.129073
0.132260 0.132260 0.132260
0.135457 0.135457 0.135457
0.138665 0.138665 0.138665
0.141884 0.141884 0.141884
0.145114 0.145113 0.145113
0.148353 0.148353 0.148353
0.151604 0.151604 0.151603
0.154864 0.154864 0.154864
0.158135 0.158135 0.158135
0.161415 0.161415 0.161415
0.164706 0.164706 0.164706
0.168149 0.168149 0.168149
0.171602 0.171602 0.171602
0.175066 0.175066 0.175066
0.178541 0.178541 0.178541
0.182025 0.182025 0.182025
0.185521 0.185521 0.185521
0.189026 0.189026 0.189026
0.192541 0.192541 0.192541
0.196067 0.196067 0.196067
0.199602 0.199602 0.199602
0.203147 0.203147 0.203147
0.206702 0.206702 0.206702
0.210267 0.210267 0.210267
0.213841 0.213841 0.213841
0.217425 0.217425 0.217425
0.221018 0.221018 0.221018
0.224621 0.224621 0.224621
0.228233 0.228233 0.228232
0.231854 0.231854 0.231854
0.235484 0.235484 0.235484
0.239123 0.239123 0.239123
0.242772 0.242772 0.242772
0.246429 0.246429 0.246429
0.250096 0.250096 0.250096
0.253771 0.253771 0.253771
0.257455 0.257455 0.257455
0.261147 0.261147 0.261147
0.264848 0.264848 0.264848
0.268558 0.268558 0.268558
0.272277 0.272277 0.272277
0.276004 0.276004 0.276003
0.279739 0.279739 0.279739
0.283482 0.283482 0.283482
0.287234 0.287234 0.287234
0.290994 0.290994 0.290994
0.294763 0.294763 0.294763
0.298539 0.298539 0.298539
0.302324 0.302324 0.302324
0.306116 0.306116 0.306116
0.309917 0.309917 0.309917
0.313726 0.313725 0.313725
0.318125 0.318125 0.318125
0.322535 0.322535 0.322535
0.326955 0.326955 0.326955
0.331386 0.331386 0.331386
0.335827 0.335827 0.335827
0.340278 0.340278 0.340278
0.344739 0.344739 0.344739
0.349210 0.349210 0.349210
0.353691 0.353691 0.353690
0.358181 0.358181 0.358181
0.362682 0.362682 0.362682
0.367192 0.367192 0.367192
0.371712 0.371712 0.371712
0.376241 0.376241 0.376241
0.380780 0.380780 0.380780
0.385329 0.385329 0.385329
0.389886 0.389886 0.389886
0.394454 0.394454 0.394454
0.399030 0.399030 0.399030
0.403616 0.403616 0.403616
0.408211 0.408211 0.408211
0.412815 0.412815 0.412815
0.417428 0.417428 0.417428
0.422050 0.422050 0.422050
0.426682 0.426682 0.426682
0.431322 0.431322 0.431322
0.435971 0.435971 0.435971
0.440629 0.440629 0.440628
0.445295 0.445295 0.445295
0.449970 0.449970 0.449970
0.454654 0.454654 0.454654
0.459347 0.459347 0.459347
0.464048 0.464048 0.464048
0.468758 0.468758 0.468758
0.473476 0.473476 0.473476
0.478203 0.478203 0.478203
0.482938 0.482938 0.482938
0.487681 0.487681 0.487681
0.492433 0.492433 0.492433
0.497193 0.497193 0.497193
0.501961 0.501961 0.501961
0.506418 0.506418 0.506418
0.510882 0.510882 0.510882
0.515354 0.515354 0.515354
0.519832 0.519832 0.519832
0.524318 0.524318 0.524318
0.528810 0.528810 0.528810
0.533309 0.533309 0.533309
0.537815 0.537815 0.537815
0.542329 0.542329 0.542328
0.546848 0.546848 0.546848
0.551375 0.551375 0.551375
0.555909 0.555908 0.555908
0.560449 0.560449 0.560449
0.564996 0.564996 0.564996
0.569549 0.569549 0.569549
0.574109 0.574109 0.574109
0.578676 0.578676 0.578676
0.583250 0.583250 0.583250
0.587830 0.587830 0.587830
0.592416 0.592416 0.592416
0.597009 0.597009 0.597009
0.601609 0.601609 0.601609
0.606215 0.606215 0.606215
0.610827 0.610827 0.610827
0.615446 0.615446 0.615446
0.620071 0.620071 0.620071
0.624703 0.624703 0.624703
0.629340 0.629340 0.629340
0.633985 0.633985 0.633984
0.638635 0.638635 0.638635
0.643292 0.643292 0.643292
0.647954 0.647954 0.647954
0.652624 0.652624 0.652623
0.657299 0.657299 0.657299
0.661980 0.661980 0.661980
0.666668 0.666668 0.666668
0.671361 0.671361 0.671361
0.676061 0.676061 0.676061
0.680767 0.680767 0.680767
0.685478 0.685478 0.685478
0.690196 0.690196 0.690196
0.695414 0.695414 0.695414
0.700640 0.700640 0.700640
0.705872 0.705872 0.705872
0.711112 0.711112 0.711112
0.716359 0.716359 0.716359
0.721613 0.721613 0.721613
0.726875 0.726875 0.726875
0.732143 0.732143 0.732143
0.737419 0.737419 0.737418
0.742701 0.742701 0.742701
0.747991 0.747991 0.747990
0.753287 0.753287 0.753287
0.758590 0.758590 0.758590
0.763901 0.763901 0.763901
0.769218 0.769218 0.769218
0.774542 0.774542 0.774542
0.779873 0.779873 0.779873
0.785211 0.785211 0.785211
0.790555 0.790555 0.790555
0.795907 0.795907 0.795907
0.801265 0.801265 0.801265
0.806630 0.806630 0.806629
0.812001 0.812001 0.812001
0.817379 0.817379 0.817379
0.822764 0.822764 0.822764
0.828155 0.828155 0.828155
0.833553 0.833553 0.833553
0.838958 0.838958 0.838958
0.844369 0.844369 0.844369
0.849787 0.849787 0.849786
0.855211 0.855211 0.855211
0.860641 0.860641 0.860641
0.866078 0.866078 0.866078
0.871522 0.871522 0.871522
0.876972 0.876972 0.876971
0.882428 0.882428 0.882428
0.887890 0.887890 0.887890
0.893359 0.893359 0.893359
0.898835 0.898835 0.898834
0.904316 0.904316 0.904316
0.909804 0.909804 0.909804
0.911362 0.911362 0.911362
0.912920 0.912920 0.912920
0.914479 0.914479 0.914478
0.916038 0.916038 0.916038
0.917598 0.917598 0.917597
0.919158 0.919158 0.919158
0.920719 0.920719 0.920718
0.922280 0.922280 0.922280
0.923842 0.923841 0.923841
0.925404 0.925404 0.925404
0.926966 0.926966 0.926966
0.928530 0.928530 0.928530
0.930093 0.930093 0.930093
0.931658 0.931658 0.931658
0.933222 0.933222 0.933222
0.934788 0.934788 0.934787
0.936353 0.936353 0.936353
0.937919 0.937919 0.937919
0.939486 0.939486 0.939486
0.941053 0.941053 0.941053
0.942621 0.942621 0.942621
0.944189 0.944189 0.944189
0.945758 0.945758 0.945758
0.947327 0.947327 0.947327
0.948897 0.948897 0.948897
0.950467 0.950467 0.950467
0.952037 0.952037 0.952037
0.953609 0.953609 0.953608
0.955180 0.955180 0.955180
0.956752 0.956752 0.956752
0.958325 0.958325 0.958325
0.959898 0.959898 0.959898
0.961472 0.961471 0.961471
0.963046 0.963046 0.963045
0.964620 0.964620 0.964620
0.966195 0.966195 0.966195
0.967771 0.967771 0.967771
0.969347 0.969347 0.969347
0.970923 0.970923 0.970923
0.972500 0.972500 0.972500
0.974078 0.974078 0.974077
0.975655 0.975655 0.975655
0.977234 0.977234 0.977234
0.978813 0.978813 0.978813
0.980392 0.980392 0.980392
