0.027451 0.086275 0.219608
0.028413 0.088732 0.224937
0.029395 0.091198 0.230287
0.030398 0.093672 0.235656
0.031422 0.096155 0.241046
0.032467 0.098645 0.246455
0.033533 0.101143 0.251883
0.034621 0.103649 0.257330
0.035731 0.106162 0.262797
0.036862 0.108683 0.268282
0.038015 0.111212 0.273785
0.039190 0.113749 0.279307
0.040387 0.116293 0.284848
0.041578 0.118844 0.290406
0.042769 0.121403 0.295982
0.043961 0.123969 0.301576
0.045154 0.126543 0.307187
0.046348 0.129124 0.312816
0.047543 0.131712 0.318462
0.048739 0.134307 0.324124
0.049936 0.136909 0.329804
0.051134 0.139518 0.335501
0.052333 0.142134 0.341214
0.053533 0.144757 0.346943
0.054734 0.147387 0.352689
0.055935 0.150024 0.358451
0.057137 0.152668 0.364229
0.058341 0.155318 0.370023
0.059544 0.157976 0.375832
0.060749 0.160639 0.381658
0.061954 0.163310 0.387498
0.063160 0.165987 0.393354
0.064367 0.168670 0.399226
0.065574 0.171360 0.405112
0.066782 0.174057 0.411014
0.067990 0.176760 0.416930
0.069199 0.179469 0.422862
0.070409 0.182185 0.428808
0.071619 0.184907 0.434768
0.072829 0.187635 0.440743
0.074040 0.190369 0.446732
0.075251 0.193110 0.452736
0.076463 0.195857 0.458754
0.077675 0.198610 0.464786
0.078887 0.201369 0.470832
0.080100 0.204134 0.476891
0.081313 0.206905 0.482965
0.082526 0.209682 0.489052
0.083740 0.212465 0.495153
0.084954 0.215254 0.501267
0.086168 0.218048 0.507395
0.087382 0.220849 0.513535
0.088597 0.223656 0.519690
0.089811 0.226468 0.525857
0.091026 0.229286 0.532037
0.092241 0.232109 0.538231
0.093456 0.234939 0.544437
0.094671 0.237774 0.550656
0.095886 0.240615 0.556888
0.097101 0.243461 0.563132
0.098316 0.246313 0.569389
0.099531 0.249170 0.575659
0.100746 0.252033 0.581941
0.101961 0.254902 0.588235
0.109740 0.267459 0.594819
0.117950 0.279874 0.601366
0.126551 0.292165 0.607875
0.135509 0.304345 0.614349
0.144792 0.316429 0.620788
0.154375 0.328427 0.627193
0.164233 0.340347 0.633563
0.174349 0.352197 0.639901
0.184703 0.363985 0.646207
0.195281 0.375715 0.652482
0.206071 0.387393 0.658726
0.217060 0.399023 0.664941
0.228240 0.410608 0.671127
0.239601 0.422154 0.677286
0.251137 0.433661 0.683418
0.262839 0.445133 0.689524
0.274703 0.456572 0.695605
0.286723 0.467980 0.701662
0.298894 0.479359 0.707697
0.311212 0.490711 0.713709
0.323673 0.502036 0.719701
0.336273 0.513336 0.725673
0.349010 0.524612 0.731626
0.361881 0.535865 0.737562
0.374882 0.547096 0.743481
0.388011 0.558306 0.749385
0.401266 0.569496 0.755274
0.414644 0.580665 0.761150
0.428144 0.591815 0.767014
0.441763 0.602945 0.772867
0.455500 0.614057 0.778711
0.469353 0.625151 0.784546
0.483321 0.636227 0.790375
0.497401 0.647285 0.796197
0.511592 0.658326 0.802014
0.525893 0.669349 0.807828
0.540302 0.680356 0.813640
0.554818 0.691345 0.819452
0.569440 0.702318 0.825264
0.584166 0.713274 0.831077
0.598995 0.724214 0.836894
0.613925 0.735137 0.842716
0.628957 0.746044 0.848544
0.644088 0.756935 0.854379
0.659317 0.767809 0.860223
0.674643 0.778667 0.866077
0.690065 0.789509 0.871943
0.705582 0.800335 0.877822
0.721193 0.811144 0.883716
0.736897 0.821938 0.889626
0.752692 0.832715 0.895554
0.768579 0.843476 0.901501
0.784554 0.854221 0.907469
0.800619 0.864950 0.913459
0.816771 0.875663 0.919472
0.833009 0.886359 0.925511
0.849333 0.897040 0.931577
0.865742 0.907704 0.937672
0.882234 0.918353 0.943796
0.898809 0.928985 0.949952
0.915466 0.939601 0.956142
0.932203 0.950201 0.962366
0.949020 0.960784 0.968627
0.938343 0.956834 0.968074
0.927402 0.953018 0.967186
0.916222 0.949329 0.965937
0.904830 0.945757 0.964304
0.893251 0.942295 0.962267
0.881516 0.938932 0.959803
0.869652 0.935658 0.956896
0.857690 0.932464 0.953526
0.845663 0.929339 0.949678
0.833604 0.926273 0.945339
0.821547 0.923254 0.940494
0.809528 0.920271 0.935133
0.797584 0.917315 0.929246
0.785754 0.914372 0.922824
0.774077 0.911431 0.915862
0.762595 0.908482 0.908354
0.751350 0.905512 0.900297
0.740386 0.902510 0.891689
0.729745 0.899464 0.882530
0.719473 0.896362 0.872821
0.709615 0.893193 0.862565
0.700216 0.889945 0.851767
0.691321 0.886606 0.840432
0.682972 0.883166 0.828567
0.675214 0.879613 0.816181
0.668085 0.875937 0.803285
0.661623 0.872126 0.789888
0.655863 0.868169 0.776004
0.650835 0.864058 0.761646
0.646566 0.859781 0.746828
0.643075 0.855330 0.731567
0.640379 0.850694 0.715878
0.638486 0.845865 0.699779
0.637399 0.840835 0.683288
0.637116 0.835596 0.666424
0.637627 0.830140 0.649205
0.638916 0.824460 0.631651
0.640961 0.818550 0.613782
0.643735 0.812403 0.595618
0.647207 0.806014 0.577180
0.651340 0.799378 0.558488
0.656095 0.792491 0.539561
0.661429 0.785349 0.520420
0.667297 0.777948 0.501084
0.673652 0.770287 0.481574
0.680447 0.762362 0.461906
0.687633 0.754173 0.442101
0.695162 0.745719 0.422175
0.702987 0.736998 0.402146
0.711061 0.728012 0.382030
0.719336 0.718762 0.361843
0.727769 0.709249 0.341601
0.736316 0.699474 0.321318
0.744935 0.689441 0.301010
0.753586 0.679153 0.280693
0.762229 0.668614 0.260386
0.770828 0.657827 0.240107
0.779347 0.646799 0.219885
0.787752 0.635533 0.199752
0.796011 0.624037 0.179759
0.804093 0.612318 0.159978
0.811968 0.600381 0.140521
0.819608 0.588235 0.121568
0.810770 0.581622 0.119674
0.801949 0.575023 0.117782
0.793146 0.568439 0.115893
0.784359 0.561869 0.114007
0.775590 0.555313 0.112125
0.766838 0.548773 0.110245
0.758103 0.542247 0.108368
0.749387 0.535736 0.106495
0.740688 0.529240 0.104625
0.732007 0.522759 0.102758
0.723344 0.516293 0.100894
0.714699 0.509842 0.099034
0.706072 0.503407 0.097176
0.697464 0.496987 0.095323
0.688875 0.490583 0.093472
0.680304 0.484194 0.091625
0.671752 0.477821 0.089781
0.663219 0.471464 0.087941
0.654705 0.465123 0.086104
0.646211 0.458798 0.084271
0.637736 0.452489 0.082441
0.629281 0.446197 0.080615
0.620845 0.439920 0.078792
0.612430 0.433661 0.076974
0.604034 0.427418 0.075158
0.595659 0.421191 0.073347
0.587305 0.414982 0.071539
0.578971 0.408789 0.069735
0.570658 0.402614 0.067935
0.562366 0.396455 0.066139
0.554095 0.390315 0.064347
0.545846 0.384191 0.062559
0.537618 0.378085 0.060775
0.529412 0.371998 0.058994
0.521228 0.365927 0.057218
0.513066 0.359876 0.055446
0.504926 0.353842 0.053679
0.496809 0.347826 0.051915
0.488715 0.341829 0.050156
0.480644 0.335851 0.048401
0.472596 0.329892 0.046650
0.464572 0.323951 0.044904
0.456572 0.318030 0.043162
0.448595 0.312128 0.041424
0.440643 0.306246 0.039683
0.432715 0.300383 0.037967
0.424812 0.294540 0.036299
0.416934 0.288717 0.034679
0.409081 0.282914 0.033107
0.401253 0.277132 0.031581
0.393452 0.271371 0.030100
0.385677 0.265630 0.028666
0.377928 0.259910 0.027276
0.370205 0.254212 0.025929
0.362510 0.248535 0.024627
0.354842 0.242880 0.023367
0.347202 0.237246 0.022148
0.339590 0.231635 0.020972
0.332006 0.226047 0.019836
0.324451 0.220481 0.018740
0.316924 0.214938 0.017684
0.309428 0.209418 0.016666
0.301961 0.203922 0.015686
