0.101961 0.043137 0.180392
0.105212 0.044487 0.183698
0.108488 0.045833 0.186996
0.111791 0.047176 0.190286
0.115120 0.048516 0.193568
0.118475 0.049853 0.196841
0.121855 0.051186 0.200104
0.125261 0.052516 0.203359
0.128692 0.053842 0.206603
0.132148 0.055165 0.209837
0.135630 0.056484 0.213061
0.139137 0.057800 0.216273
0.142668 0.059112 0.219474
0.146225 0.060420 0.222664
0.149806 0.061724 0.225841
0.153412 0.063025 0.229006
0.157042 0.064322 0.232158
0.160696 0.065615 0.235297
0.164375 0.066904 0.238423
0.168078 0.068189 0.241534
0.171805 0.069470 0.244632
0.175555 0.070747 0.247715
0.179329 0.072019 0.250783
0.183127 0.073288 0.253837
0.186949 0.074553 0.256874
0.190793 0.075813 0.259896
0.194661 0.077069 0.262902
0.198552 0.078321 0.265891
0.202466 0.079568 0.268864
0.206403 0.080812 0.271819
0.210362 0.082050 0.274757
0.214344 0.083285 0.277678
0.218349 0.084515 0.280580
0.222376 0.085741 0.283464
0.226425 0.086962 0.286330
0.230496 0.088179 0.289176
0.234589 0.089391 0.292004
0.238704 0.090599 0.294811
0.242840 0.091802 0.297600
0.246998 0.093000 0.300368
0.251177 0.094195 0.303115
0.255378 0.095384 0.305842
0.259600 0.096569 0.308548
0.263843 0.097749 0.311233
0.268106 0.098925 0.313897
0.272390 0.100096 0.316539
0.276695 0.101263 0.319158
0.281021 0.102425 0.321756
0.285366 0.103582 0.324331
0.289732 0.104734 0.326883
0.294118 0.105882 0.329412
0.299945 0.107250 0.332550
0.305806 0.108608 0.335642
0.311702 0.109956 0.338687
0.317631 0.111294 0.341686
0.323594 0.112622 0.344637
0.329590 0.113941 0.347539
0.335619 0.115250 0.350393
0.341680 0.116550 0.353198
0.347772 0.117840 0.355953
0.353896 0.119121 0.358657
0.360052 0.120392 0.361310
0.366238 0.121654 0.363911
0.372454 0.122907 0.366460
0.378700 0.124150 0.368957
0.384975 0.125385 0.371400
0.391280 0.126611 0.373789
0.397613 0.127827 0.376124
0.403974 0.129036 0.378405
0.410363 0.130235 0.380630
0.416779 0.131427 0.382799
0.423222 0.132610 0.384912
0.429692 0.133785 0.386968
0.436187 0.134952 0.388967
0.442708 0.136112 0.390908
0.449254 0.137264 0.392790
0.455825 0.138410 0.394614
0.462419 0.139548 0.396379
0.469038 0.140680 0.398084
0.475679 0.141806 0.399730
0.482343 0.142925 0.401314
0.489029 0.144039 0.402838
0.495737 0.145148 0.404300
0.502467 0.146252 0.405700
0.509217 0.147351 0.407038
0.515987 0.148446 0.408313
0.522777 0.149537 0.409525
0.529586 0.150625 0.410673
0.536413 0.151710 0.411758
0.543259 0.152793 0.412777
0.550123 0.153874 0.413732
0.557003 0.154953 0.414621
0.563900 0.156032 0.415445
0.570814 0.157110 0.416202
0.577742 0.158189 0.416892
0.584686 0.159269 0.417516
0.591644 0.160350 0.418071
0.598615 0.161434 0.418559
0.605600 0.162521 0.418978
0.612598 0.163611 0.419327
0.619608 0.164706 0.419608
0.624713 0.167823 0.417510
0.629786 0.170969 0.415387
0.634828 0.174146 0.413237
0.639838 0.177353 0.411062
0.644815 0.180591 0.408862
0.649759 0.183861 0.406637
0.654668 0.187163 0.404388
0.659544 0.190498 0.402115
0.664384 0.193865 0.399818
0.669189 0.197266 0.397498
0.673958 0.200700 0.395155
0.678691 0.204167 0.392789
0.683387 0.207669 0.390401
0.688046 0.211205 0.387991
0.692667 0.214775 0.385560
0.697250 0.218380 0.383108
0.701794 0.222019 0.380634
0.706299 0.225693 0.378141
0.710764 0.229401 0.375627
0.715190 0.233144 0.373093
0.719575 0.236922 0.370541
0.723919 0.240734 0.367969
0.728221 0.244581 0.365378
0.732482 0.248462 0.362769
0.736701 0.252378 0.360143
0.740878 0.256328 0.357499
0.745011 0.260312 0.354838
0.749102 0.264329 0.352161
0.753148 0.268381 0.349467
0.757151 0.272466 0.346758
0.761109 0.276585 0.344033
0.765023 0.280736 0.341294
0.768891 0.284920 0.338541
0.772714 0.289137 0.335774
0.776491 0.293387 0.332993
0.780222 0.297668 0.330201
0.783907 0.301981 0.327396
0.787545 0.306326 0.324580
0.791136 0.310701 0.321754
0.794680 0.315107 0.318917
0.798176 0.319544 0.316072
0.801624 0.324011 0.313218
0.805024 0.328508 0.310357
0.808375 0.333033 0.307488
0.811678 0.337588 0.304615
0.814931 0.342172 0.301736
0.818136 0.346784 0.298854
0.821291 0.351423 0.295969
0.824396 0.356090 0.293083
0.827451 0.360784 0.290196
0.831771 0.367522 0.288883
0.836032 0.374278 0.287618
0.840235 0.381051 0.286404
0.844379 0.387841 0.285245
0.848464 0.394649 0.284144
0.852489 0.401474 0.283106
0.856456 0.408316 0.282134
0.860363 0.415175 0.281232
0.864211 0.422050 0.280404
0.868000 0.428941 0.279655
0.871729 0.435849 0.278988
0.875399 0.442772 0.278407
0.879010 0.449710 0.277918
0.882561 0.456664 0.277524
0.886053 0.463632 0.277229
0.889486 0.470615 0.277037
0.892860 0.477612 0.276954
0.896175 0.484622 0.276982
0.899431 0.491646 0.277126
0.902628 0.498683 0.277390
0.905766 0.505732 0.277778
0.908846 0.512793 0.278293
0.911868 0.519867 0.278939
0.914832 0.526951 0.279720
0.917737 0.534047 0.280638
0.920586 0.541153 0.281697
0.923376 0.548269 0.282900
0.926110 0.555395 0.284248
0.928787 0.562530 0.285745
0.931407 0.569674 0.287393
0.933971 0.576826 0.289193
0.936479 0.583987 0.291147
0.938931 0.591154 0.293256
0.941328 0.598329 0.295522
0.943671 0.605511 0.297945
0.945959 0.612698 0.300525
0.948193 0.619892 0.303263
0.950373 0.627091 0.306160
0.952501 0.634294 0.309214
0.954575 0.641502 0.312425
0.956598 0.648714 0.315793
0.958569 0.655930 0.319317
0.960489 0.663148 0.322995
0.962359 0.670369 0.326826
0.964178 0.677592 0.330809
0.965949 0.684817 0.334942
0.967670 0.692044 0.339224
0.969344 0.699271 0.343653
0.970970 0.706498 0.348226
0.972549 0.713725 0.352941
0.974113 0.718374 0.352412
0.975624 0.723045 0.351941
0.977080 0.727736 0.351532
0.978482 0.732449 0.351186
0.979829 0.737182 0.350906
0.981121 0.741936 0.350695
0.982357 0.746710 0.350555
0.983538 0.751504 0.350488
0.984662 0.756318 0.350498
0.985729 0.761151 0.350585
0.986739 0.766004 0.350754
0.987692 0.770875 0.351006
0.988587 0.775766 0.351343
0.989424 0.780675 0.351769
0.990203 0.785602 0.352285
0.990923 0.790547 0.352893
0.991583 0.795510 0.353595
0.992184 0.800490 0.354395
0.992725 0.805487 0.355293
0.993206 0.810501 0.356291
0.993626 0.815532 0.357392
0.993986 0.820579 0.358598
0.994284 0.825641 0.359909
0.994520 0.830720 0.361327
0.994695 0.835813 0.362855
0.994807 0.840922 0.364493
0.994857 0.846045 0.366243
0.994844 0.851183 0.368105
0.994767 0.856335 0.370081
0.994628 0.861500 0.372172
0.994424 0.866679 0.374378
0.994156 0.871871 0.376701
0.993823 0.877076 0.379141
0.993426 0.882293 0.381698
0.992964 0.887522 0.384373
0.992436 0.892763 0.387166
0.991843 0.898016 0.390077
0.991183 0.903279 0.393107
0.990458 0.908553 0.396255
0.989665 0.913838 0.399521
0.988806 0.919132 0.402905
0.987880 0.924436 0.406407
0.986886 0.929750 0.410026
0.985824 0.935072 0.413763
0.984694 0.940403 0.417615
0.983496 0.945742 0.421584
0.982229 0.951089 0.425667
0.980894 0.956444 0.429865
0.979489 0.961806 0.434176
0.978015 0.967174 0.438601
0.976471 0.972549 0.443137
