0.035294 0.019608 0.090196
0.037291 0.020489 0.093865
0.039364 0.021393 0.097550
0.041489 0.022322 0.101252
0.043617 0.023274 0.104970
0.045756 0.024251 0.108704
0.047907 0.025253 0.112454
0.050070 0.026279 0.116219
0.052245 0.027331 0.119999
0.054430 0.028408 0.123794
0.056628 0.029510 0.127604
0.058836 0.030638 0.131429
0.061055 0.031792 0.135268
0.063286 0.032972 0.139121
0.065527 0.034179 0.142988
0.067780 0.035412 0.146869
0.070043 0.036672 0.150763
0.072317 0.037959 0.154671
0.074601 0.039273 0.158592
0.076896 0.040612 0.162527
0.079202 0.041942 0.166474
0.081518 0.043273 0.170434
0.083844 0.044606 0.174406
0.086180 0.045940 0.178391
0.088527 0.047275 0.182388
0.090884 0.048611 0.186398
0.093251 0.049948 0.190419
0.095628 0.051287 0.194452
0.098015 0.052626 0.198497
0.100412 0.053967 0.202554
0.102818 0.055309 0.206621
0.105235 0.056652 0.210701
0.107661 0.057996 0.214791
0.110097 0.059341 0.218892
0.112543 0.060687 0.223005
0.114998 0.062034 0.227128
0.117462 0.063382 0.231262
0.119936 0.064731 0.235406
0.122420 0.066081 0.239561
0.124913 0.067432 0.243726
0.127415 0.068784 0.247902
0.129926 0.070137 0.252087
0.132447 0.071491 0.256283
0.134977 0.072845 0.260488
0.137516 0.074201 0.264704
0.140064 0.075558 0.268929
0.142622 0.076915 0.273163
0.145188 0.078273 0.277407
0.147764 0.079632 0.281661
0.150348 0.080992 0.285924
0.152941 0.082353 0.290196
0.156649 0.084010 0.294589
0.160384 0.085665 0.298980
0.164144 0.087317 0.303369
0.167930 0.088966 0.307756
0.171742 0.090612 0.312139
0.175579 0.092255 0.316520
0.179442 0.093895 0.320896
0.183331 0.095532 0.325270
0.187245 0.097165 0.329639
0.191184 0.098796 0.334004
0.195149 0.100423 0.338364
0.199138 0.102046 0.342719
0.203153 0.103666 0.347069
0.207193 0.105283 0.351414
0.211258 0.106896 0.355753
0.215348 0.108506 0.360086
0.219462 0.110112 0.364413
0.223601 0.111714 0.368733
0.227765 0.113313 0.373046
0.231954 0.114908 0.377352
0.236166 0.116499 0.381651
0.240404 0.118086 0.385942
0.244665 0.119669 0.390226
0.248951 0.121248 0.394501
0.253261 0.122824 0.398767
0.257595 0.124395 0.403025
0.261953 0.125962 0.407274
0.266335 0.127525 0.411514
0.270740 0.129084 0.415745
0.275170 0.130638 0.419965
0.279623 0.132189 0.424176
0.284100 0.133735 0.428376
0.288600 0.135276 0.432566
0.293124 0.136814 0.436746
0.297671 0.138347 0.440914
0.302241 0.139875 0.445071
0.306835 0.141399 0.449217
0.311451 0.142918 0.453351
0.316091 0.144433 0.457473
0.320754 0.145943 0.461583
0.325440 0.147449 0.465680
0.330148 0.148950 0.469765
0.334879 0.150446 0.473837
0.339633 0.151937 0.477896
0.344409 0.153424 0.481941
0.349208 0.154906 0.485973
0.354030 0.156383 0.489991
0.358873 0.157855 0.493996
0.363739 0.159322 0.497985
0.368627 0.160784 0.501961
0.374123 0.163497 0.504689
0.379635 0.166206 0.507397
0.385163 0.168914 0.510085
0.390706 0.171620 0.512751
0.396265 0.174324 0.515397
0.401839 0.177027 0.518022
0.407429 0.179730 0.520625
0.413033 0.182431 0.523208
0.418652 0.185132 0.525769
0.424285 0.187833 0.528309
0.429932 0.190534 0.530828
0.435593 0.193235 0.533325
0.441268 0.195937 0.535801
0.446956 0.198639 0.538255
0.452657 0.201342 0.540687
0.458372 0.204047 0.543098
0.464099 0.206752 0.545487
0.469838 0.209460 0.547854
0.475590 0.212169 0.550199
0.481355 0.214880 0.552522
0.487131 0.217594 0.554823
0.492918 0.220309 0.557102
0.498717 0.223027 0.559359
0.504528 0.225748 0.561594
0.510349 0.228472 0.563806
0.516181 0.231199 0.565996
0.522024 0.233930 0.568164
0.527877 0.236664 0.570309
0.533740 0.239401 0.572432
0.539613 0.242142 0.574533
0.545496 0.244888 0.576610
0.551389 0.247637 0.578666
0.557290 0.250391 0.580698
0.563201 0.253150 0.582708
0.569120 0.255913 0.584696
0.575048 0.258681 0.586660
0.580985 0.261454 0.588602
0.586929 0.264232 0.590521
0.592882 0.267016 0.592418
0.598842 0.269805 0.594291
0.604810 0.272600 0.596142
0.610785 0.275401 0.597969
0.616768 0.278208 0.599774
0.622757 0.281021 0.601556
0.628752 0.283841 0.603315
0.634755 0.286667 0.605051
0.640763 0.289499 0.606764
0.646778 0.292339 0.608454
0.652798 0.295185 0.610121
0.658824 0.298039 0.611765
0.663648 0.302933 0.613912
0.668467 0.307822 0.616064
0.673279 0.312708 0.618222
0.678085 0.317591 0.620387
0.682884 0.322471 0.622557
0.687676 0.327350 0.624733
0.692461 0.332228 0.626916
0.697239 0.337105 0.629106
0.702011 0.341981 0.631302
0.706774 0.346858 0.633505
0.711531 0.351735 0.635715
0.716280 0.356613 0.637933
0.721021 0.361493 0.640158
0.725755 0.366374 0.642391
0.730480 0.371258 0.644631
0.735198 0.376143 0.646880
0.739907 0.381032 0.649137
0.744609 0.385923 0.651402
0.749302 0.390818 0.653676
0.753987 0.395716 0.655958
0.758663 0.400617 0.658250
0.763331 0.405523 0.660550
0.767990 0.410433 0.662860
0.772640 0.415347 0.665180
0.777281 0.420265 0.667509
0.781913 0.425189 0.669847
0.786537 0.430117 0.672196
0.791151 0.435050 0.674555
0.795756 0.439989 0.676925
0.800351 0.444933 0.679305
0.804937 0.449882 0.681696
0.809514 0.454837 0.684098
0.814081 0.459798 0.686511
0.818639 0.464764 0.688935
0.823187 0.469737 0.691371
0.827725 0.474716 0.693818
0.832253 0.479700 0.696278
0.836772 0.484691 0.698749
0.841280 0.489689 0.701232
0.845778 0.494693 0.703729
0.850267 0.499703 0.706237
0.854745 0.504720 0.708759
0.859213 0.509743 0.711293
0.863670 0.514774 0.713840
0.868117 0.519810 0.716401
0.872554 0.524854 0.718976
0.876980 0.529905 0.721564
0.881396 0.534962 0.724166
0.885801 0.540027 0.726782
0.890196 0.545098 0.729412
0.892218 0.552033 0.734675
0.894232 0.558956 0.739911
0.896236 0.565866 0.745121
0.898232 0.572765 0.750303
0.900220 0.579652 0.755459
0.902200 0.586530 0.760587
0.904173 0.593397 0.765687
0.906138 0.600255 0.770760
0.908095 0.607104 0.775805
0.910046 0.613945 0.780822
0.911991 0.620777 0.785811
0.913929 0.627602 0.790772
0.915861 0.634420 0.795704
0.917788 0.641230 0.800608
0.919709 0.648034 0.805483
0.921625 0.654831 0.810330
0.923537 0.661622 0.815147
0.925444 0.668407 0.819935
0.927347 0.675187 0.824694
0.929246 0.681962 0.829424
0.931142 0.688731 0.834124
0.933035 0.695496 0.838795
0.934925 0.702256 0.843436
0.936813 0.709011 0.848046
0.938698 0.715762 0.852627
0.940582 0.722510 0.857178
0.942465 0.729253 0.861698
0.944346 0.735992 0.866188
0.946227 0.742728 0.870648
0.948108 0.749460 0.875076
0.949988 0.756189 0.879474
0.951870 0.762915 0.883841
0.953752 0.769638 0.888177
0.955635 0.776357 0.892482
0.957520 0.783074 0.896755
0.959407 0.789788 0.900997
0.961297 0.796499 0.905208
0.963189 0.803207 0.909387
0.965085 0.809913 0.913534
0.966984 0.816616 0.917649
0.968887 0.823317 0.921733
0.970795 0.830015 0.925784
0.972707 0.836711 0.929803
0.974625 0.843404 0.933790
0.976549 0.850095 0.937744
0.978479 0.856784 0.941666
0.980415 0.863471 0.945556
0.982358 0.870156 0.949412
0.984309 0.876838 0.953236
0.986268 0.883518 0.957026
0.988235 0.890196 0.960784
