0.992157 0.949020 0.972549
0.992134 0.944274 0.970334
0.992105 0.939527 0.968105
0.992070 0.934779 0.965864
0.992028 0.930028 0.963610
0.991980 0.925276 0.961343
0.991925 0.920522 0.959064
0.991863 0.915767 0.956771
0.991795 0.911009 0.954466
0.991719 0.906250 0.952148
0.991638 0.901489 0.949817
0.991549 0.896725 0.947474
0.991453 0.891960 0.945118
0.991351 0.887193 0.942749
0.991241 0.882423 0.940368
0.991124 0.877651 0.937975
0.991001 0.872877 0.935569
0.990870 0.868101 0.933150
0.990732 0.863322 0.930719
0.990586 0.858541 0.928276
0.990434 0.853758 0.925821
0.990274 0.848972 0.923353
0.990106 0.844183 0.920873
0.989932 0.839392 0.918381
0.989750 0.834597 0.915876
0.989560 0.829800 0.913360
0.989363 0.825001 0.910831
0.989158 0.820198 0.908291
0.988945 0.815392 0.905738
0.988725 0.810583 0.903173
0.988498 0.805771 0.900597
0.988262 0.800955 0.898008
0.988019 0.796136 0.895408
0.987768 0.791314 0.892796
0.987509 0.786488 0.890172
0.987242 0.781658 0.887536
0.986967 0.776825 0.884889
0.986685 0.771987 0.882230
0.986394 0.767146 0.879559
0.986095 0.762301 0.876877
0.985788 0.757451 0.874183
0.985474 0.752597 0.871477
0.985151 0.747739 0.868761
0.984819 0.742876 0.866032
0.984480 0.738009 0.863292
0.984132 0.733136 0.860541
0.983777 0.728259 0.857779
0.983413 0.723377 0.855005
0.983040 0.718489 0.852220
0.982659 0.713596 0.849424
0.982270 0.708698 0.846616
0.981873 0.703794 0.843798
0.981467 0.698883 0.840968
0.981052 0.693967 0.838127
0.980629 0.689045 0.835275
0.980198 0.684116 0.832413
0.979758 0.679181 0.829539
0.979310 0.674239 0.826654
0.978853 0.669290 0.823759
0.978387 0.664334 0.820852
0.977913 0.659371 0.817935
0.977430 0.654400 0.815007
0.976938 0.649421 0.812068
0.976437 0.644434 0.809119
0.975928 0.639439 0.806159
0.975411 0.634435 0.803188
0.974884 0.629423 0.800207
0.974348 0.624401 0.797215
0.973804 0.619370 0.794213
0.973251 0.614329 0.791201
0.972689 0.609278 0.788178
0.972118 0.604218 0.785144
0.971539 0.599146 0.782100
0.970950 0.594064 0.779046
0.970352 0.588970 0.775982
0.969746 0.583864 0.772908
0.969130 0.578747 0.769823
0.968506 0.573617 0.766728
0.967872 0.568474 0.763623
0.967230 0.563318 0.760508
0.966578 0.558148 0.757383
0.965917 0.552964 0.754249
0.965247 0.547766 0.751104
0.964569 0.542552 0.747949
0.963881 0.537322 0.744784
0.963183 0.532076 0.741610
0.962477 0.526814 0.738426
0.961762 0.521534 0.735232
0.961037 0.516235 0.732029
0.960303 0.510919 0.728816
0.959560 0.505582 0.725593
0.958808 0.500226 0.722361
0.958047 0.494848 0.719119
0.957276 0.489449 0.715868
0.956496 0.484027 0.712607
0.955707 0.478582 0.709337
0.954908 0.473112 0.706057
0.954100 0.467617 0.702769
0.953283 0.462096 0.699471
0.952457 0.456547 0.696164
0.951621 0.450970 0.692847
0.950776 0.445363 0.689522
0.949921 0.439724 0.686187
0.949057 0.434054 0.682844
0.948184 0.428349 0.679491
0.947302 0.422609 0.676129
0.946409 0.416832 0.672759
0.945508 0.411016 0.669380
0.944597 0.405159 0.665992
0.943677 0.399260 0.662595
0.942747 0.393316 0.659189
0.941808 0.387325 0.655775
0.940859 0.381285 0.652352
0.939901 0.375193 0.648920
0.938934 0.369046 0.645480
0.937957 0.362841 0.642031
0.936970 0.356575 0.638574
0.935974 0.350245 0.635109
0.934969 0.343847 0.631635
0.933954 0.337376 0.628152
0.932929 0.330828 0.624662
0.931895 0.324198 0.621163
0.930851 0.317481 0.617656
0.929798 0.310670 0.614141
0.928736 0.303760 0.610618
0.927663 0.296743 0.607086
0.926582 0.289610 0.603547
0.925490 0.282353 0.600000
0.924099 0.281030 0.598055
0.922708 0.279706 0.596111
0.921316 0.278382 0.594169
0.919923 0.277057 0.592228
0.918530 0.275731 0.590289
0.917137 0.274404 0.588351
0.915743 0.273077 0.586415
0.914348 0.271748 0.584480
0.912953 0.270419 0.582546
0.911557 0.269090 0.580614
0.910161 0.267759 0.578684
0.908764 0.266427 0.576754
0.907367 0.265095 0.574827
0.905969 0.263761 0.572900
0.904571 0.262427 0.570976
0.903172 0.261091 0.569052
0.901772 0.259755 0.567130
0.900372 0.258418 0.565210
0.898972 0.257079 0.563291
0.897571 0.255740 0.561373
0.896170 0.254399 0.559457
0.894768 0.253058 0.557542
0.893365 0.251715 0.555629
0.891962 0.250371 0.553718
0.890559 0.249026 0.551807
0.889155 0.247679 0.549898
0.887750 0.246331 0.547991
0.886346 0.244982 0.546085
0.884940 0.243632 0.544181
0.883534 0.242280 0.542278
0.882128 0.240927 0.540376
0.880721 0.239573 0.538476
0.879313 0.238217 0.536578
0.877905 0.236860 0.534681
0.876497 0.235501 0.532785
0.875088 0.234140 0.530891
0.873679 0.232778 0.528998
0.872269 0.231415 0.527107
0.870859 0.230049 0.525218
0.869448 0.228682 0.523329
0.868037 0.227314 0.521442
0.866625 0.225943 0.519557
0.865213 0.224571 0.517673
0.863800 0.223197 0.515791
0.862387 0.221821 0.513910
0.860973 0.220443 0.512031
0.859559 0.219063 0.510153
0.858145 0.217681 0.508276
0.856730 0.216297 0.506401
0.855314 0.214910 0.504528
0.853898 0.213522 0.502656
0.852482 0.212131 0.500785
0.851065 0.210739 0.498916
0.849648 0.209343 0.497049
0.848230 0.207946 0.495182
0.846812 0.206546 0.493318
0.845393 0.205143 0.491455
0.843974 0.203738 0.489593
0.842555 0.202331 0.487733
0.841135 0.200920 0.485874
0.839715 0.199507 0.484017
0.838294 0.198091 0.482161
0.836873 0.196672 0.480307
0.835451 0.195251 0.478454
0.834029 0.193826 0.476603
0.832606 0.192398 0.474753
0.831183 0.190967 0.472905
0.829760 0.189533 0.471058
0.828336 0.188096 0.469212
0.826912 0.186655 0.467369
0.825487 0.185210 0.465526
0.824062 0.183762 0.463685
0.822637 0.182311 0.461846
0.821211 0.180855 0.460008
0.819785 0.179396 0.458171
0.818358 0.177933 0.456336
0.816931 0.176466 0.454503
0.815503 0.174995 0.452671
0.814076 0.173519 0.450840
0.812647 0.172040 0.449011
0.811219 0.170555 0.447184
0.809789 0.169066 0.445357
0.808360 0.167573 0.443533
0.806930 0.166074 0.441710
0.805500 0.164571 0.439888
0.804069 0.163063 0.438068
0.802638 0.161549 0.436249
0.801207 0.160030 0.434432
0.799775 0.158505 0.432616
0.798343 0.156975 0.430802
0.796910 0.155439 0.428989
0.795477 0.153897 0.427178
0.794044 0.152348 0.425368
0.792610 0.150794 0.423560
0.791176 0.149233 0.421753
0.789741 0.147665 0.419947
0.788306 0.146090 0.418143
0.786871 0.144508 0.416341
0.785436 0.142919 0.414540
0.784000 0.141322 0.412740
0.782563 0.139717 0.410942
0.781127 0.138104 0.409146
0.779690 0.136483 0.407351
0.778252 0.134853 0.405557
0.776814 0.133214 0.403765
0.775376 0.131566 0.401974
0.773938 0.129909 0.400185
0.772499 0.128242 0.398397
0.771060 0.126565 0.396611
0.769620 0.124877 0.394826
0.768181 0.123178 0.393043
0.766740 0.121468 0.391261
0.765300 0.119746 0.389480
0.763859 0.118013 0.387701
0.762418 0.116266 0.385924
0.760976 0.114507 0.384148
0.759535 0.112734 0.382373
0.758092 0.110946 0.380600
0.756650 0.109144 0.378828
0.755207 0.107327 0.377058
0.753764 0.105494 0.375289
0.752320 0.103644 0.373521
0.750876 0.101777 0.371755
0.749432 0.099891 0.369991
0.747988 0.097987 0.368228
0.746543 0.096063 0.366466
0.745098 0.094118 0.364706
