0.937255 0.964706 1.000000
0.931385 0.961430 1.000000
0.925522 0.958151 1.000000
0.919665 0.954868 1.000000
0.913815 0.951582 1.000000
0.907971 0.948293 1.000000
0.902133 0.944999 1.000000
0.896302 0.941703 1.000000
0.890477 0.938403 1.000000
0.884658 0.935099 1.000000
0.878845 0.931792 1.000000
0.873039 0.928481 1.000000
0.867239 0.925166 1.000000
0.861446 0.921848 1.000000
0.855658 0.918526 1.000000
0.849877 0.915201 1.000000
0.844103 0.911872 1.000000
0.838334 0.908539 1.000000
0.832572 0.905203 1.000000
0.826816 0.901862 1.000000
0.821066 0.898518 1.000000
0.815322 0.895171 1.000000
0.809585 0.891819 1.000000
0.803854 0.888464 1.000000
0.798129 0.885105 1.000000
0.792410 0.881741 1.000000
0.786697 0.878374 1.000000
0.780990 0.875004 1.000000
0.775290 0.871629 1.000000
0.769595 0.868250 1.000000
0.763907 0.864867 1.000000
0.758224 0.861480 1.000000
0.752548 0.858090 1.000000
0.746877 0.854695 1.000000
0.741213 0.851296 1.000000
0.735555 0.847892 0.999957
0.729902 0.844485 0.999840
0.724256 0.841074 0.999717
0.718615 0.837658 0.999588
0.712980 0.834238 0.999453
0.707351 0.830814 0.999311
0.701728 0.827385 0.999164
0.696111 0.823952 0.999010
0.690499 0.820515 0.998850
0.684894 0.817074 0.998684
0.679294 0.813627 0.998511
0.673699 0.810177 0.998333
0.668111 0.806722 0.998149
0.662527 0.803262 0.997958
0.656950 0.799798 0.997761
0.651378 0.796329 0.997559
0.645812 0.792855 0.997350
0.640251 0.789377 0.997135
0.634695 0.785894 0.996914
0.629145 0.782406 0.996688
0.623600 0.778913 0.996455
0.618061 0.775416 0.996216
0.612527 0.771913 0.995971
0.606998 0.768406 0.995721
0.601474 0.764893 0.995464
0.595955 0.761375 0.995202
0.590442 0.757853 0.994933
0.584933 0.754325 0.994659
0.579429 0.750791 0.994378
0.573931 0.747253 0.994092
0.568437 0.743709 0.993800
0.562948 0.740160 0.993502
0.557463 0.736605 0.993199
0.551984 0.733044 0.992889
0.546508 0.729479 0.992574
0.541038 0.725907 0.992252
0.535571 0.722330 0.991926
0.530109 0.718747 0.991593
0.524652 0.715158 0.991254
0.519198 0.711563 0.990910
0.513749 0.707962 0.990560
0.508303 0.704355 0.990204
0.502862 0.700742 0.989842
0.497424 0.697123 0.989475
0.491990 0.693497 0.989102
0.486560 0.689865 0.988724
0.481133 0.686227 0.988339
0.475709 0.682582 0.987949
0.470289 0.678930 0.987554
0.464872 0.675272 0.987152
0.459457 0.671607 0.986745
0.454046 0.667935 0.986333
0.448637 0.664256 0.985915
0.443231 0.660570 0.985491
0.437827 0.656876 0.985061
0.432425 0.653176 0.984626
0.427026 0.649468 0.984186
0.421628 0.645752 0.983740
0.416232 0.642029 0.983288
0.410837 0.638298 0.982831
0.405444 0.634559 0.982368
0.400051 0.630812 0.981900
0.394660 0.627057 0.981426
0.389269 0.623293 0.980947
0.383878 0.619522 0.980462
0.378487 0.615742 0.979972
0.373096 0.611953 0.979476
0.367705 0.608155 0.978975
0.362312 0.604348 0.978469
0.356919 0.600532 0.977957
0.351524 0.596707 0.977439
0.346127 0.592872 0.976917
0.340727 0.589028 0.976388
0.335325 0.585174 0.975855
0.329920 0.581310 0.975316
0.324511 0.577436 0.974771
0.319098 0.573551 0.974222
0.313681 0.569656 0.973667
0.308258 0.565750 0.973106
0.302829 0.561833 0.972541
0.297394 0.557905 0.971969
0.291952 0.553966 0.971393
0.286502 0.550015 0.970811
0.281044 0.546052 0.970225
0.275576 0.542076 0.969632
0.270098 0.538089 0.969035
0.264608 0.534088 0.968432
0.259107 0.530075 0.967824
0.253592 0.526049 0.967211
0.248062 0.522009 0.966592
0.242517 0.517955 0.965969
0.236954 0.513887 0.965340
0.231373 0.509804 0.964706
0.230180 0.508278 0.963800
0.228990 0.506750 0.962894
0.227803 0.505222 0.961987
0.226619 0.503694 0.961081
0.225437 0.502164 0.960174
0.224259 0.500634 0.959266
0.223084 0.499103 0.958359
0.221912 0.497572 0.957451
0.220743 0.496039 0.956542
0.219577 0.494506 0.955634
0.218414 0.492972 0.954725
0.217254 0.491437 0.953816
0.216097 0.489901 0.952906
0.214943 0.488365 0.951997
0.213793 0.486828 0.951087
0.212646 0.485289 0.950176
0.211502 0.483750 0.949265
0.210361 0.482210 0.948354
0.209224 0.480670 0.947443
0.208089 0.479128 0.946531
0.206959 0.477585 0.945619
0.205831 0.476042 0.944707
0.204707 0.474498 0.943795
0.203587 0.472952 0.942882
0.202469 0.471406 0.941969
0.201356 0.469859 0.941055
0.200246 0.468311 0.940141
0.199139 0.466762 0.939227
0.198036 0.465212 0.938313
0.196936 0.463661 0.937398
0.195840 0.462109 0.936483
0.194748 0.460556 0.935567
0.193660 0.459002 0.934651
0.192575 0.457447 0.933735
0.191494 0.455891 0.932819
0.190416 0.454334 0.931902
0.189343 0.452775 0.930985
0.188273 0.451216 0.930068
0.187207 0.449656 0.929150
0.186146 0.448094 0.928232
0.185088 0.446532 0.927314
0.184034 0.444968 0.926395
0.182984 0.443403 0.925476
0.181938 0.441837 0.924557
0.180896 0.440270 0.923637
0.179859 0.438702 0.922717
0.178825 0.437132 0.921797
0.177796 0.435561 0.920876
0.176771 0.433990 0.919955
0.175750 0.432416 0.919034
0.174734 0.430842 0.918112
0.173722 0.429266 0.917191
0.172714 0.427689 0.916268
0.171711 0.426111 0.915346
0.170712 0.424531 0.914423
0.169718 0.422950 0.913499
0.168728 0.421368 0.912576
0.167743 0.419784 0.911652
0.166763 0.418199 0.910728
0.165787 0.416613 0.909803
0.164816 0.415025 0.908878
0.163850 0.413436 0.907953
0.162888 0.411845 0.907027
0.161932 0.410253 0.906101
0.160980 0.408659 0.905175
0.160034 0.407064 0.904248
0.159092 0.405467 0.903321
0.158155 0.403869 0.902394
0.157224 0.402269 0.901466
0.156298 0.400668 0.900538
0.155377 0.399065 0.899610
0.154461 0.397460 0.898681
0.153550 0.395854 0.897752
0.152645 0.394246 0.896823
0.151745 0.392637 0.895893
0.150851 0.391025 0.894963
0.149962 0.389412 0.894033
0.149078 0.387797 0.893102
0.148201 0.386181 0.892171
0.147328 0.384562 0.891239
0.146462 0.382942 0.890307
0.145601 0.381320 0.889375
0.144747 0.379696 0.888443
0.143898 0.378070 0.887510
0.143055 0.376442 0.886577
0.142217 0.374812 0.885643
0.141386 0.373181 0.884709
0.140561 0.371547 0.883775
0.139743 0.369911 0.882840
0.138930 0.368273 0.881905
0.138124 0.366633 0.880970
0.137323 0.364991 0.880034
0.136530 0.363346 0.879098
0.135742 0.361700 0.878162
0.134961 0.360051 0.877225
0.134187 0.358400 0.876288
0.133419 0.356747 0.875351
0.132658 0.355091 0.874413
0.131904 0.353433 0.873475
0.131156 0.351772 0.872536
0.130415 0.350110 0.871597
0.129681 0.348444 0.870658
0.128954 0.346776 0.869719
0.128234 0.345106 0.868779
0.127521 0.343433 0.867838
0.126815 0.341757 0.866898
0.126116 0.340079 0.865957
0.125425 0.338398 0.865015
0.124740 0.336715 0.864073
0.124063 0.335028 0.863131
0.123394 0.333339 0.862189
0.122732 0.331646 0.861246
0.122077 0.329951 0.860303
0.121430 0.328253 0.859359
0.120790 0.326552 0.858415
0.120158 0.324848 0.857471
0.119534 0.323140 0.856526
0.118917 0.321430 0.855581
0.118309 0.319716 0.854636
0.117708 0.317999 0.853690
0.117115 0.316278 0.852744
0.116530 0.314555 0.851797
0.115953 0.312827 0.850850
0.115384 0.311096 0.849903
0.114823 0.309362 0.848955
0.114270 0.307624 0.848007
0.113726 0.305882 0.847059
