1.000000 0.000000 0.333333
1.000000 0.050926 0.321322
1.000000 0.087980 0.309128
1.000000 0.116171 0.296726
1.000000 0.140080 0.284084
1.000000 0.161401 0.271169
1.000000 0.180969 0.257935
1.000000 0.199268 0.244332
1.000000 0.216602 0.230294
1.000000 0.233179 0.215737
1.000000 0.249143 0.200554
1.000000 0.264603 0.184599
1.000000 0.279638 0.167669
1.000000 0.294313 0.149466
1.000000 0.308675 0.129520
1.000000 0.322764 0.107020
1.000000 0.336612 0.080320
1.000000 0.350245 0.044937
1.000000 0.363684 0.000000
1.000000 0.376946 0.000000
1.000000 0.390046 0.000000
1.000000 0.402998 0.000000
1.000000 0.415810 0.000000
1.000000 0.428491 0.000000
1.000000 0.441050 0.000000
1.000000 0.453492 0.000000
1.000000 0.465823 0.000000
1.000000 0.478046 0.000000
1.000000 0.490166 0.000000
1.000000 0.502185 0.000000
1.000000 0.514106 0.000000
1.000000 0.525932 0.000000
1.000000 0.537664 0.000000
1.000000 0.549303 0.000000
1.000000 0.560850 0.000000
1.000000 0.572307 0.000000
1.000000 0.583673 0.000000
1.000000 0.594950 0.000000
1.000000 0.606137 0.000000
1.000000 0.617235 0.000000
1.000000 0.628243 0.000000
1.000000 0.639162 0.000000
1.000000 0.649991 0.000000
1.000000 0.660729 0.000000
1.000000 0.671377 0.000000
1.000000 0.681934 0.000000
1.000000 0.692399 0.000000
1.000000 0.702773 0.000000
1.000000 0.713053 0.000000
1.000000 0.723240 0.000000
1.000000 0.733333 0.000000
0.995839 0.737767 0.000000
0.991402 0.742293 0.000000
0.986684 0.746909 0.000000
0.981683 0.751611 0.000000
0.976393 0.756396 0.000000
0.970809 0.761262 0.000000
0.964927 0.766206 0.000000
0.958743 0.771224 0.000000
0.952250 0.776312 0.000000
0.945444 0.781469 0.000000
0.938319 0.786689 0.000000
0.930868 0.791970 0.000000
0.923087 0.797308 0.000000
0.914967 0.802699 0.000000
0.906502 0.808140 0.000000
0.897684 0.813627 0.000000
0.888505 0.819156 0.000000
0.878956 0.824723 0.000000
0.869028 0.830325 0.000000
0.858711 0.835958 0.000000
0.847992 0.841618 0.000000
0.836861 0.847300 0.000000
0.825303 0.853002 0.000000
0.813303 0.858719 0.000000
0.800847 0.864447 0.000000
0.787915 0.870182 0.000000
0.774487 0.875921 0.000000
0.760540 0.881659 0.000000
0.746050 0.887393 0.000000
0.730988 0.893119 0.000000
0.715320 0.898832 0.000000
0.699010 0.904530 0.000000
0.682014 0.910207 0.000000
0.664282 0.915861 0.000000
0.645755 0.921487 0.000000
0.626364 0.927082 0.000000
0.606025 0.932641 0.022316
0.584638 0.938161 0.089237
0.562080 0.943639 0.131557
0.538196 0.949070 0.165500
0.512789 0.954450 0.195119
0.485603 0.959776 0.222073
0.456294 0.965045 0.247219
0.424383 0.970252 0.271070
0.389167 0.975394 0.293955
0.349551 0.980467 0.316100
0.303651 0.985468 0.337669
0.247695 0.990393 0.358783
0.171585 0.995238 0.379536
0.000001 1.000000 0.400000
0.000000 1.000000 0.426792
0.000000 1.000000 0.452020
0.000000 1.000000 0.475934
0.000000 1.000000 0.498717
0.000000 0.999764 0.520514
0.000000 0.999222 0.541435
0.000000 0.998521 0.561567
0.000000 0.997665 0.580981
0.000000 0.996656 0.599735
0.000000 0.995498 0.617877
0.000000 0.994192 0.635445
0.000000 0.992744 0.652472
0.000000 0.991155 0.668985
0.000000 0.989429 0.685007
0.000000 0.987569 0.700558
0.000000 0.985579 0.715653
0.000000 0.983462 0.730308
0.000000 0.981222 0.744534
0.000000 0.978861 0.758340
0.000000 0.976384 0.771736
0.000000 0.973794 0.784728
0.000000 0.971095 0.797324
0.000000 0.968290 0.809528
0.000000 0.965384 0.821344
0.000000 0.962379 0.832778
0.000000 0.959280 0.843832
0.000000 0.956090 0.854508
0.000000 0.952814 0.864810
0.000000 0.949455 0.874740
0.000000 0.946016 0.884300
0.000000 0.942503 0.893490
0.000000 0.938919 0.902314
0.000000 0.935267 0.910772
0.000000 0.931553 0.918865
0.000000 0.927778 0.926596
0.000000 0.923949 0.933965
0.000000 0.920068 0.940973
0.000000 0.916139 0.947622
0.000000 0.912166 0.953914
0.000000 0.908154 0.959849
0.000000 0.904105 0.965429
0.000000 0.900025 0.970656
0.000000 0.895915 0.975532
0.000000 0.891782 0.980059
0.000000 0.887627 0.984237
0.000000 0.883455 0.988071
0.000000 0.879269 0.991561
0.000000 0.875074 0.994711
0.000000 0.870872 0.997523
0.000001 0.866667 1.000000
0.000000 0.859070 1.000000
0.000000 0.851222 1.000000
0.000000 0.843117 1.000000
0.000000 0.834753 1.000000
0.000000 0.826124 1.000000
0.000000 0.817230 1.000000
0.000000 0.808066 1.000000
0.000000 0.798630 1.000000
0.000000 0.788919 1.000000
0.000000 0.778933 1.000000
0.000000 0.768668 1.000000
0.000000 0.758125 1.000000
0.000000 0.747301 1.000000
0.000000 0.736195 1.000000
0.000000 0.724808 1.000000
0.000000 0.713138 1.000000
0.000000 0.701185 1.000000
0.000000 0.688948 1.000000
0.014071 0.676428 1.000000
0.096546 0.663625 1.000000
0.145196 0.650538 1.000000
0.183288 0.637167 1.000000
0.215960 0.623511 1.000000
0.245198 0.609570 1.000000
0.271998 0.595343 1.000000
0.296938 0.580829 1.000000
0.320386 0.566023 1.000000
0.342588 0.550925 1.000000
0.363722 0.535528 1.000000
0.383918 0.519827 1.000000
0.403274 0.503815 1.000000
0.421868 0.487480 1.000000
0.439762 0.470811 1.000000
0.457007 0.453791 1.000000
0.473645 0.436397 1.000000
0.489710 0.418604 1.000000
0.505233 0.400375 1.000000
0.520240 0.381667 1.000000
0.534755 0.362421 1.000000
0.548798 0.342563 1.000000
0.562388 0.321990 1.000000
0.575541 0.300569 1.000000
0.588272 0.278113 1.000000
0.600596 0.254355 1.000000
0.612526 0.228896 1.000000
0.624074 0.201104 1.000000
0.635252 0.169877 1.000000
0.646070 0.132982 1.000000
0.656538 0.084379 1.000000
0.666667 0.000000 1.000000
0.677420 0.000000 0.989980
0.688002 0.000000 0.979748
0.698417 0.000000 0.969313
0.708666 0.000000 0.958681
0.718752 0.000000 0.947859
0.728676 0.000000 0.936856
0.738440 0.000000 0.925678
0.748046 0.000000 0.914332
0.757493 0.000000 0.902826
0.766781 0.000000 0.891166
0.775912 0.000000 0.879360
0.784885 0.000000 0.867413
0.793700 0.000000 0.855333
0.802356 0.000000 0.843127
0.810853 0.000000 0.830800
0.819189 0.000000 0.818359
0.827365 0.000000 0.805809
0.835378 0.000000 0.793157
0.843228 0.000000 0.780408
0.850913 0.000000 0.767568
0.858433 0.000000 0.754641
0.865786 0.000000 0.741633
0.872970 0.000000 0.728548
0.879984 0.000000 0.715390
0.886827 0.000000 0.702164
0.893497 0.000000 0.688872
0.899992 0.000000 0.675519
0.906311 0.000000 0.662106
0.912453 0.000000 0.648636
0.918416 0.000000 0.635112
0.924199 0.000000 0.621534
0.929799 0.000000 0.607904
0.935217 0.000000 0.594221
0.940449 0.000000 0.580486
0.945495 0.000000 0.566697
0.950354 0.000000 0.552852
0.955024 0.000000 0.538949
0.959505 0.000000 0.524984
0.963794 0.000000 0.510952
0.967890 0.000000 0.496848
0.971793 0.000000 0.482664
0.975502 0.000000 0.468391
0.979016 0.000000 0.454020
0.982333 0.000000 0.439536
0.985454 0.000000 0.424926
0.988376 0.000000 0.410172
0.991100 0.000000 0.395252
0.993625 0.000000 0.380141
0.995950 0.000000 0.364810
0.998075 0.000000 0.349222
1.000000 0.000000 0.333333
