0.850980 0.274510 0.937255
0.852616 0.283143 0.938277
0.854246 0.291574 0.939293
0.855868 0.299822 0.940303
0.857484 0.307902 0.941305
0.859093 0.315826 0.942302
0.860695 0.323608 0.943291
0.862291 0.331256 0.944275
0.863880 0.338782 0.945251
0.865463 0.346192 0.946221
0.867039 0.353496 0.947184
0.868608 0.360699 0.948141
0.870170 0.367809 0.949091
0.871726 0.374830 0.950034
0.873275 0.381768 0.950970
0.874818 0.388627 0.951900
0.876354 0.395413 0.952823
0.877883 0.402129 0.953739
0.879406 0.408778 0.954649
0.880922 0.415365 0.955551
0.882432 0.421891 0.956447
0.883935 0.428362 0.957336
0.885431 0.434778 0.958218
0.886921 0.441143 0.959094
0.888404 0.447459 0.959962
0.889881 0.453728 0.960823
0.891351 0.459953 0.961678
0.892814 0.466135 0.962526
0.894271 0.472276 0.963366
0.895722 0.478379 0.964200
0.897166 0.484443 0.965026
0.898603 0.490472 0.965846
0.900034 0.496467 0.966658
0.901458 0.502428 0.967464
0.902876 0.508358 0.968262
0.904287 0.514257 0.969053
0.905692 0.520127 0.969837
0.907090 0.525969 0.970614
0.908481 0.531783 0.971384
0.909867 0.537571 0.972147
0.911245 0.543334 0.972902
0.912618 0.549073 0.973650
0.913983 0.554789 0.974391
0.915343 0.560481 0.975125
0.916695 0.566152 0.975851
0.918042 0.571802 0.976570
0.919382 0.577432 0.977282
0.920715 0.583041 0.977986
0.922042 0.588632 0.978683
0.923363 0.594205 0.979372
0.924677 0.599759 0.980054
0.925984 0.605297 0.980729
0.927286 0.610818 0.981396
0.928580 0.616323 0.982056
0.929869 0.621812 0.982708
0.931151 0.627286 0.983352
0.932426 0.632745 0.983990
0.933696 0.638191 0.984619
0.934958 0.643622 0.985241
0.936215 0.649041 0.985855
0.937465 0.654446 0.986462
0.938708 0.659839 0.987061
0.939946 0.665219 0.987652
0.941176 0.670588 0.988235
0.937142 0.677321 0.993761
0.933139 0.684021 0.999042
0.929173 0.690686 1.000000
0.925251 0.697314 1.000000
0.921379 0.703906 1.000000
0.917561 0.710459 1.000000
0.913805 0.716973 1.000000
0.910117 0.723446 1.000000
0.906503 0.729877 1.000000
0.902969 0.736265 1.000000
0.899522 0.742607 1.000000
0.896168 0.748904 1.000000
0.892915 0.755153 1.000000
0.889769 0.761354 1.000000
0.886736 0.767504 1.000000
0.883825 0.773602 1.000000
0.881040 0.779648 1.000000
0.878390 0.785639 1.000000
0.875881 0.791574 1.000000
0.873520 0.797452 1.000000
0.871313 0.803271 1.000000
0.869269 0.809030 1.000000
0.867392 0.814728 1.000000
0.865689 0.820363 1.000000
0.864168 0.825933 1.000000
0.862833 0.831439 1.000000
0.861692 0.836877 1.000000
0.860750 0.842248 1.000000
0.860012 0.847550 1.000000
0.859484 0.852781 1.000000
0.859170 0.857940 1.000000
0.859077 0.863026 1.000000
0.859207 0.868039 1.000000
0.859565 0.872976 1.000000
0.860155 0.877838 1.000000
0.860980 0.882622 1.000000
0.862044 0.887329 1.000000
0.863347 0.891956 1.000000
0.864894 0.896504 1.000000
0.866684 0.900971 1.000000
0.868720 0.905357 1.000000
0.871002 0.909660 1.000000
0.873531 0.913881 1.000000
0.876306 0.918019 1.000000
0.879326 0.922072 1.000000
0.882592 0.926041 1.000000
0.886100 0.929926 1.000000
0.889849 0.933725 1.000000
0.893838 0.937438 1.000000
0.898062 0.941065 1.000000
0.902519 0.944606 1.000000
0.907205 0.948061 1.000000
0.912117 0.951430 1.000000
0.917250 0.954712 1.000000
0.922600 0.957908 1.000000
0.928161 0.961018 1.000000
0.933928 0.964041 1.000000
0.939897 0.966979 1.000000
0.946061 0.969831 0.998034
0.952414 0.972598 0.995520
0.958951 0.975280 0.993043
0.965665 0.977878 0.990613
0.972549 0.980392 0.988235
0.962845 0.975320 0.987326
0.953013 0.970307 0.986330
0.943053 0.965351 0.985241
0.932968 0.960452 0.984056
0.922761 0.955609 0.982772
0.912432 0.950819 0.981384
0.901985 0.946083 0.979889
0.891420 0.941398 0.978283
0.880740 0.936764 0.976562
0.869947 0.932180 0.974724
0.859042 0.927643 0.972765
0.848027 0.923153 0.970681
0.836904 0.918708 0.968469
0.825674 0.914307 0.966127
0.814339 0.909948 0.963652
0.802900 0.905631 0.961039
0.791359 0.901354 0.958287
0.779717 0.897114 0.955393
0.767975 0.892912 0.952355
0.756134 0.888745 0.949169
0.744196 0.884613 0.945833
0.732161 0.880513 0.942345
0.720030 0.876444 0.938702
0.707804 0.872405 0.934903
0.695483 0.868394 0.930945
0.683067 0.864409 0.926827
0.670558 0.860450 0.922545
0.657954 0.856514 0.918100
0.645256 0.852601 0.913488
0.632463 0.848708 0.908708
0.619574 0.844835 0.903759
0.606588 0.840979 0.898638
0.593505 0.837139 0.893346
0.580322 0.833314 0.887880
0.567038 0.829501 0.882239
0.553650 0.825700 0.876422
0.540154 0.821909 0.870429
0.526548 0.818126 0.864257
0.512827 0.814349 0.857907
0.498986 0.810578 0.851378
0.485019 0.806810 0.844668
0.470920 0.803045 0.837778
0.456680 0.799279 0.830706
0.442291 0.795512 0.823453
0.427740 0.791743 0.816018
0.413016 0.787969 0.808400
0.398102 0.784189 0.800600
0.382980 0.780401 0.792617
0.367629 0.776604 0.784451
0.352022 0.772796 0.776102
0.336127 0.768976 0.767571
0.319906 0.765141 0.758856
0.303310 0.761291 0.749959
0.286277 0.757423 0.740879
0.268730 0.753536 0.731617
0.250567 0.749629 0.722173
0.231648 0.745700 0.712547
0.211784 0.741747 0.702739
0.190696 0.737768 0.692750
0.167958 0.733763 0.682579
0.142861 0.729729 0.672227
0.114064 0.725665 0.661694
0.078432 0.721569 0.650980
0.077868 0.717303 0.647476
0.077316 0.713041 0.643972
0.076776 0.708785 0.640468
0.076248 0.704533 0.636964
0.075731 0.700286 0.633460
0.075226 0.696044 0.629957
0.074732 0.691806 0.626453
0.074249 0.687574 0.622950
0.073776 0.683346 0.619447
0.073315 0.679123 0.615944
0.072864 0.674904 0.612442
0.072424 0.670691 0.608940
0.071993 0.666482 0.605438
0.071573 0.662279 0.601937
0.071162 0.658080 0.598436
0.070761 0.653886 0.594935
0.070369 0.649698 0.591435
0.069987 0.645514 0.587936
0.069613 0.641335 0.584437
0.069248 0.637161 0.580938
0.068892 0.632993 0.577440
0.068544 0.628829 0.573942
0.068204 0.624670 0.570445
0.067872 0.620517 0.566949
0.067548 0.616369 0.563453
0.067231 0.612225 0.559958
0.066922 0.608087 0.556464
0.066620 0.603955 0.552971
0.066324 0.599827 0.549478
0.066035 0.595705 0.545986
0.065753 0.591587 0.542494
0.065476 0.587475 0.539004
0.065206 0.583369 0.535514
0.064941 0.579267 0.532026
0.064682 0.575172 0.528538
0.064428 0.571081 0.525051
0.064179 0.566996 0.521565
0.063936 0.562916 0.518080
0.063696 0.558841 0.514597
0.063462 0.554772 0.511114
0.063231 0.550709 0.507632
0.063005 0.546651 0.504151
0.062782 0.542598 0.500672
0.062563 0.538552 0.497194
0.062347 0.534510 0.493717
0.062135 0.530474 0.490241
0.061925 0.526444 0.486766
0.061719 0.522420 0.483293
0.061515 0.518401 0.479821
0.061313 0.514388 0.476351
0.061114 0.510380 0.472882
0.060916 0.506378 0.469414
0.060721 0.502382 0.465948
0.060527 0.498392 0.462483
0.060334 0.494408 0.459020
0.060143 0.490429 0.455558
0.059952 0.486456 0.452098
0.059763 0.482490 0.448639
0.059574 0.478529 0.445183
0.059386 0.474574 0.441727
0.059199 0.470625 0.438274
0.059011 0.466682 0.434822
0.058824 0.462745 0.431372
