1.000000 0.968627 0.929412
0.999087 0.961955 0.916226
0.998231 0.955239 0.903068
0.997430 0.948480 0.889937
0.996681 0.941678 0.876834
0.995984 0.934832 0.863759
0.995334 0.927944 0.850713
0.994731 0.921012 0.837695
0.994171 0.914037 0.824707
0.993653 0.907019 0.811749
0.993175 0.899957 0.798820
0.992734 0.892851 0.785920
0.992328 0.885702 0.773051
0.991955 0.878509 0.760211
0.991614 0.871273 0.747401
0.991301 0.863992 0.734621
0.991015 0.856667 0.721871
0.990753 0.849298 0.709150
0.990515 0.841884 0.696459
0.990297 0.834426 0.683796
0.990098 0.826922 0.671162
0.989917 0.819374 0.658555
0.989750 0.811780 0.645976
0.989596 0.804140 0.633424
0.989454 0.796454 0.620897
0.989322 0.788721 0.608396
0.989197 0.780942 0.595918
0.989078 0.773115 0.583463
0.988964 0.765241 0.571029
0.988852 0.757318 0.558615
0.988741 0.749347 0.546219
0.988629 0.741327 0.533839
0.988515 0.733256 0.521473
0.988397 0.725135 0.509119
0.988274 0.716963 0.496774
0.988144 0.708739 0.484435
0.988005 0.700462 0.472098
0.987857 0.692131 0.459761
0.987697 0.683745 0.447418
0.987525 0.675304 0.435066
0.987339 0.666805 0.422699
0.987137 0.658249 0.410310
0.986919 0.649633 0.397894
0.986682 0.640957 0.385444
0.986427 0.632218 0.372949
0.986151 0.623415 0.360401
0.985854 0.614546 0.347789
0.985533 0.605610 0.335099
0.985189 0.596604 0.322316
0.984820 0.587526 0.309424
0.984425 0.578373 0.296401
0.984003 0.569144 0.283224
0.983553 0.559834 0.269863
0.983073 0.550441 0.256283
0.982564 0.540961 0.242440
0.982023 0.531391 0.228281
0.981450 0.521726 0.213737
0.980844 0.511962 0.198719
0.980205 0.502094 0.183108
0.979531 0.492117 0.166740
0.978821 0.482024 0.149379
0.978075 0.471808 0.130666
0.977292 0.461463 0.110003
0.976471 0.450980 0.086274
0.973080 0.447806 0.085591
0.969688 0.444634 0.084912
0.966295 0.441465 0.084236
0.962900 0.438299 0.083562
0.959504 0.435135 0.082892
0.956107 0.431974 0.082225
0.952708 0.428817 0.081560
0.949308 0.425661 0.080899
0.945907 0.422509 0.080240
0.942504 0.419359 0.079584
0.939100 0.416212 0.078930
0.935695 0.413067 0.078279
0.932288 0.409925 0.077631
0.928881 0.406785 0.076985
0.925472 0.403648 0.076341
0.922062 0.400513 0.075700
0.918651 0.397381 0.075061
0.915238 0.394251 0.074424
0.911825 0.391123 0.073789
0.908410 0.387998 0.073157
0.904995 0.384875 0.072526
0.901578 0.381754 0.071898
0.898160 0.378636 0.071271
0.894741 0.375519 0.070646
0.891321 0.372404 0.070023
0.887901 0.369292 0.069401
0.884479 0.366181 0.068781
0.881056 0.363073 0.068163
0.877632 0.359966 0.067546
0.874207 0.356861 0.066931
0.870782 0.353758 0.066317
0.867355 0.350656 0.065704
0.863928 0.347556 0.065093
0.860500 0.344458 0.064483
0.857070 0.341361 0.063874
0.853640 0.338266 0.063266
0.850210 0.335172 0.062659
0.846778 0.332079 0.062053
0.843346 0.328987 0.061448
0.839913 0.325897 0.060844
0.836479 0.322808 0.060241
0.833044 0.319719 0.059639
0.829609 0.316632 0.059037
0.826173 0.313545 0.058436
0.822737 0.310459 0.057835
0.819299 0.307374 0.057235
0.815861 0.304289 0.056635
0.812423 0.301204 0.056036
0.808984 0.298120 0.055437
0.805544 0.295036 0.054838
0.802104 0.291952 0.054240
0.798663 0.288868 0.053642
0.795222 0.285784 0.053044
0.791780 0.282700 0.052446
0.788338 0.279615 0.051848
0.784895 0.276529 0.051250
0.781452 0.273443 0.050652
0.778008 0.270356 0.050054
0.774564 0.267268 0.049455
0.771120 0.264179 0.048857
0.767675 0.261088 0.048258
0.764230 0.257996 0.047658
0.760784 0.254902 0.047059
0.756263 0.253649 0.048027
0.751747 0.252397 0.048963
0.747236 0.251145 0.049868
0.742730 0.249894 0.050743
0.738229 0.248642 0.051589
0.733732 0.247391 0.052408
0.729241 0.246141 0.053200
0.724755 0.244890 0.053966
0.720274 0.243640 0.054708
0.715797 0.242390 0.055425
0.711326 0.241140 0.056119
0.706860 0.239891 0.056790
0.702399 0.238642 0.057440
0.697943 0.237393 0.058068
0.693493 0.236145 0.058676
0.689047 0.234897 0.059263
0.684607 0.233649 0.059831
0.680172 0.232401 0.060379
0.675742 0.231153 0.060910
0.671317 0.229906 0.061422
0.666897 0.228659 0.061916
0.662483 0.227413 0.062393
0.658074 0.226166 0.062854
0.653670 0.224920 0.063298
0.649272 0.223674 0.063725
0.644879 0.222428 0.064138
0.640491 0.221183 0.064534
0.636108 0.219938 0.064916
0.631732 0.218693 0.065283
0.627360 0.217448 0.065635
0.622994 0.216203 0.065974
0.618633 0.214959 0.066298
0.614278 0.213715 0.066609
0.609928 0.212471 0.066906
0.605584 0.211227 0.067191
0.601245 0.209983 0.067462
0.596912 0.208740 0.067721
0.592585 0.207497 0.067967
0.588263 0.206254 0.068201
0.583946 0.205011 0.068423
0.579636 0.203769 0.068633
0.575331 0.202526 0.068832
0.571031 0.201284 0.069019
0.566738 0.200042 0.069195
0.562450 0.198800 0.069359
0.558168 0.197559 0.069513
0.553891 0.196317 0.069656
0.549621 0.195076 0.069788
0.545356 0.193834 0.069910
0.541097 0.192593 0.070021
0.536844 0.191352 0.070123
0.532597 0.190112 0.070214
0.528356 0.188871 0.070295
0.524121 0.187630 0.070366
0.519891 0.186390 0.070428
0.515668 0.185150 0.070480
0.511451 0.183910 0.070523
0.507239 0.182669 0.070557
0.503034 0.181429 0.070581
0.498835 0.180190 0.070596
0.494642 0.178950 0.070602
0.490455 0.177710 0.070600
0.486275 0.176471 0.070588
0.482558 0.174821 0.069948
0.478847 0.173175 0.069305
0.475140 0.171531 0.068659
0.471439 0.169890 0.068011
0.467742 0.168252 0.067360
0.464051 0.166616 0.066707
0.460364 0.164984 0.066052
0.456682 0.163354 0.065394
0.453006 0.161728 0.064734
0.449334 0.160104 0.064071
0.445668 0.158483 0.063406
0.442006 0.156865 0.062739
0.438350 0.155250 0.062069
0.434699 0.153638 0.061398
0.431053 0.152028 0.060724
0.427413 0.150422 0.060047
0.423777 0.148819 0.059369
0.420147 0.147218 0.058688
0.416522 0.145621 0.058005
0.412903 0.144026 0.057320
0.409289 0.142435 0.056633
0.405680 0.140846 0.055944
0.402077 0.139261 0.055253
0.398479 0.137678 0.054560
0.394886 0.136099 0.053865
0.391299 0.134522 0.053168
0.387718 0.132949 0.052469
0.384142 0.131379 0.051768
0.380572 0.129811 0.051065
0.377007 0.128247 0.050360
0.373448 0.126686 0.049653
0.369895 0.125128 0.048945
0.366347 0.123573 0.048235
0.362805 0.122021 0.047523
0.359269 0.120472 0.046809
0.355739 0.118927 0.046093
0.352214 0.117384 0.045376
0.348696 0.115845 0.044657
0.345183 0.114309 0.043937
0.341676 0.112776 0.043215
0.338175 0.111247 0.042491
0.334681 0.109720 0.041765
0.331192 0.108197 0.041038
0.327709 0.106677 0.040308
0.324233 0.105160 0.039571
0.320762 0.103647 0.038840
0.317298 0.102136 0.038116
0.313840 0.100630 0.037399
0.310389 0.099126 0.036688
0.306943 0.097626 0.035984
0.303504 0.096129 0.035286
0.300071 0.094635 0.034596
0.296645 0.093145 0.033912
0.293225 0.091658 0.033234
0.289812 0.090175 0.032564
0.286405 0.088695 0.031900
0.283005 0.087218 0.031244
0.279612 0.085745 0.030594
0.276225 0.084275 0.029951
0.272845 0.082809 0.029316
0.269471 0.081346 0.028687
0.266105 0.079887 0.028065
0.262745 0.078431 0.027451
