0.000000 0.043137 0.160784
0.001258 0.044120 0.166585
0.002702 0.045049 0.172399
0.004345 0.045926 0.178224
0.006199 0.046747 0.184058
0.008278 0.047513 0.189897
0.010594 0.048223 0.195739
0.013162 0.048876 0.201581
0.015996 0.049470 0.207421
0.019111 0.050005 0.213256
0.022521 0.050480 0.219084
0.026242 0.050894 0.224901
0.030290 0.051246 0.230705
0.034680 0.051534 0.236493
0.039430 0.051758 0.242263
0.044373 0.051915 0.248012
0.049328 0.052006 0.253737
0.054309 0.052028 0.259435
0.059319 0.051980 0.265104
0.064362 0.051861 0.270741
0.069440 0.051668 0.276344
0.074555 0.051399 0.281910
0.079710 0.051054 0.287435
0.084905 0.050629 0.292918
0.090143 0.050122 0.298356
0.095424 0.049530 0.303747
0.100750 0.048851 0.309086
0.106121 0.048081 0.314373
0.111538 0.047215 0.319604
0.117001 0.046251 0.324777
0.122512 0.045183 0.329890
0.128072 0.044005 0.334939
0.133679 0.042712 0.339922
0.139335 0.041296 0.344837
0.145041 0.039741 0.349682
0.150795 0.038063 0.354454
0.156600 0.036282 0.359150
0.162454 0.034396 0.363768
0.168358 0.032406 0.368306
0.174312 0.030309 0.372761
0.180317 0.028106 0.377131
0.186372 0.025796 0.381415
0.192478 0.023377 0.385609
0.198634 0.020849 0.389711
0.204840 0.018211 0.393720
0.211097 0.015461 0.397633
0.217405 0.012599 0.401448
0.223763 0.009624 0.405162
0.230171 0.006533 0.408775
0.236629 0.003325 0.412284
0.243137 0.000000 0.415686
0.249556 0.000679 0.419427
0.256022 0.001354 0.423110
0.262535 0.002023 0.426734
0.269094 0.002686 0.430297
0.275699 0.003341 0.433800
0.282349 0.003986 0.437241
0.289044 0.004620 0.440619
0.295783 0.005241 0.443935
0.302567 0.005848 0.447186
0.309394 0.006439 0.450373
0.316264 0.007013 0.453494
0.323176 0.007568 0.456549
0.330130 0.008102 0.459537
0.337126 0.008613 0.462458
0.344163 0.009101 0.465311
0.351240 0.009563 0.468094
0.358357 0.009999 0.470808
0.365513 0.010405 0.473452
0.372708 0.010780 0.476025
0.379942 0.011124 0.478526
0.387213 0.011434 0.480956
0.394521 0.011709 0.483312
0.401866 0.011946 0.485596
0.409247 0.012145 0.487805
0.416664 0.012304 0.489940
0.424115 0.012422 0.492000
0.431601 0.012497 0.493985
0.439120 0.012527 0.495893
0.446673 0.012511 0.497725
0.454257 0.012449 0.499480
0.461874 0.012338 0.501157
0.469522 0.012177 0.502756
0.477201 0.011966 0.504276
0.484909 0.011704 0.505717
0.492647 0.011388 0.507079
0.500413 0.011019 0.508360
0.508208 0.010596 0.509561
0.516030 0.010117 0.510681
0.523878 0.009583 0.511720
0.531752 0.008993 0.512677
0.539652 0.008346 0.513551
0.547576 0.007643 0.514343
0.555524 0.006883 0.515051
0.563495 0.006066 0.515676
0.571488 0.005193 0.516217
0.579503 0.004264 0.516674
0.587539 0.003279 0.517045
0.595595 0.002240 0.517332
0.603671 0.001146 0.517532
0.611765 0.000000 0.517647
0.618139 0.000872 0.517388
0.624520 0.001761 0.517080
0.630906 0.002669 0.516721
0.637298 0.003599 0.516312
0.643696 0.004553 0.515853
0.650097 0.005532 0.515343
0.656503 0.006539 0.514782
0.662912 0.007578 0.514170
0.669325 0.008650 0.513508
0.675740 0.009758 0.512794
0.682158 0.010905 0.512029
0.688578 0.012095 0.511212
0.694999 0.013330 0.510344
0.701422 0.014614 0.509423
0.707844 0.015950 0.508451
0.714267 0.017343 0.507426
0.720690 0.018794 0.506349
0.727112 0.020309 0.505220
0.733533 0.021891 0.504037
0.739952 0.023545 0.502801
0.746369 0.025275 0.501512
0.752783 0.027085 0.500169
0.759194 0.028980 0.498773
0.765602 0.030964 0.497322
0.772005 0.033043 0.495817
0.778405 0.035221 0.494257
0.784799 0.037505 0.492642
0.791188 0.039898 0.490971
0.797571 0.042348 0.489245
0.803948 0.044820 0.487462
0.810318 0.047323 0.485623
0.816680 0.049858 0.483727
0.823035 0.052427 0.481773
0.829381 0.055030 0.479762
0.835719 0.057668 0.477692
0.842048 0.060343 0.475564
0.848367 0.063055 0.473376
0.854676 0.065805 0.471128
0.860974 0.068594 0.468819
0.867261 0.071422 0.466449
0.873536 0.074289 0.464017
0.879800 0.077198 0.461523
0.886050 0.080147 0.458965
0.892288 0.083137 0.456344
0.898512 0.086169 0.453657
0.904722 0.089242 0.450904
0.910918 0.092358 0.448085
0.917098 0.095516 0.445198
0.923263 0.098717 0.442242
0.929412 0.101961 0.439216
0.932080 0.111412 0.434357
0.934696 0.120388 0.429506
0.937260 0.128975 0.424661
0.939773 0.137237 0.419823
0.942233 0.145222 0.414992
0.944642 0.152970 0.410167
0.946998 0.160512 0.405350
0.949302 0.167875 0.400540
0.951555 0.175079 0.395737
0.953755 0.182142 0.390942
0.955903 0.189080 0.386154
0.958000 0.195905 0.381374
0.960044 0.202628 0.376602
0.962036 0.209260 0.371838
0.963976 0.215808 0.367083
0.965864 0.222279 0.362336
0.967700 0.228681 0.357598
0.969485 0.235018 0.352869
0.971218 0.241296 0.348150
0.972899 0.247520 0.343440
0.974528 0.253692 0.338741
0.976106 0.259818 0.334053
0.977632 0.265899 0.329376
0.979107 0.271939 0.324711
0.980531 0.277941 0.320059
0.981904 0.283906 0.315420
0.983226 0.289837 0.310795
0.984497 0.295736 0.306184
0.985718 0.301605 0.301590
0.986888 0.307444 0.297012
0.988008 0.313256 0.292453
0.989077 0.319042 0.287912
0.990097 0.324803 0.283392
0.991067 0.330539 0.278893
0.991987 0.336252 0.274419
0.992858 0.341944 0.269969
0.993679 0.347613 0.265547
0.994452 0.353262 0.261154
0.995176 0.358891 0.256793
0.995852 0.364500 0.252465
0.996479 0.370090 0.248174
0.997059 0.375662 0.243923
0.997590 0.381215 0.239714
0.998075 0.386751 0.235551
0.998512 0.392269 0.231438
0.998902 0.397770 0.227379
0.999246 0.403255 0.223377
0.999543 0.408722 0.219437
0.999794 0.414173 0.215565
1.000000 0.419608 0.211765
1.000000 0.426405 0.203405
1.000000 0.433233 0.194829
1.000000 0.440090 0.186011
1.000000 0.446975 0.176923
1.000000 0.453887 0.167529
1.000000 0.460825 0.157785
1.000000 0.467788 0.147637
1.000000 0.474775 0.137010
1.000000 0.481785 0.125810
1.000000 0.488817 0.113903
1.000000 0.495870 0.101097
1.000000 0.502943 0.087097
1.000000 0.510034 0.071413
1.000000 0.517144 0.053112
1.000000 0.524271 0.030603
1.000000 0.531413 0.007584
1.000000 0.538570 0.000000
1.000000 0.545742 0.000000
1.000000 0.552926 0.000000
1.000000 0.560122 0.000000
1.000000 0.567330 0.000000
1.000000 0.574547 0.000000
1.000000 0.581774 0.000000
1.000000 0.589009 0.000000
1.000000 0.596252 0.000000
1.000000 0.603501 0.000000
1.000000 0.610755 0.000000
1.000000 0.618014 0.000000
1.000000 0.625277 0.000000
1.000000 0.632543 0.000000
1.000000 0.639811 0.000000
1.000000 0.647080 0.000000
1.000000 0.654349 0.000000
1.000000 0.661618 0.000000
1.000000 0.668886 0.000000
1.000000 0.676151 0.000000
1.000000 0.683413 0.000000
1.000000 0.690671 0.000000
1.000000 0.697925 0.000000
1.000000 0.705173 0.000000
1.000000 0.712414 0.000000
1.000000 0.719649 0.000000
1.000000 0.726876 0.000000
1.000000 0.734094 0.000000
1.000000 0.741302 0.000000
1.000000 0.748501 0.000000
1.000000 0.755688 0.000000
1.000000 0.762864 0.000000
1.000000 0.770027 0.000000
1.000000 0.777177 0.000000
1.000000 0.784314 0.000000
