0.941177 0.992157 0.956863
0.930409 0.989120 0.948413
0.919641 0.986068 0.939945
0.908874 0.983003 0.931458
0.898106 0.979922 0.922951
0.887336 0.976828 0.914425
0.876564 0.973718 0.905879
0.865788 0.970595 0.897314
0.855009 0.967457 0.888729
0.844224 0.964304 0.880124
0.833434 0.961137 0.871498
0.822637 0.957956 0.862853
0.811832 0.954760 0.854187
0.801018 0.951549 0.845500
0.790194 0.948325 0.836792
0.779358 0.945086 0.828063
0.768510 0.941832 0.819312
0.757647 0.938564 0.810540
0.746769 0.935282 0.801745
0.735873 0.931985 0.792928
0.724959 0.928673 0.784089
0.714023 0.925347 0.775226
0.703066 0.922007 0.766340
0.692083 0.918653 0.757429
0.681074 0.915283 0.748494
0.670035 0.911900 0.739535
0.658965 0.908502 0.730550
0.647860 0.905089 0.721539
0.636718 0.901662 0.712501
0.625536 0.898221 0.703436
0.614310 0.894765 0.694344
0.603037 0.891295 0.685222
0.591713 0.887810 0.676071
0.580333 0.884310 0.666890
0.568893 0.880797 0.657678
0.557388 0.877268 0.648434
0.545813 0.873725 0.639157
0.534161 0.870168 0.629845
0.522427 0.866596 0.620498
0.510601 0.863009 0.611114
0.498678 0.859408 0.601693
0.486647 0.855793 0.592231
0.474499 0.852163 0.582729
0.462223 0.848518 0.573183
0.449806 0.844859 0.563593
0.437235 0.841185 0.553956
0.424493 0.837496 0.544270
0.411562 0.833793 0.534533
0.398422 0.830076 0.524742
0.385048 0.826343 0.514894
0.371413 0.822596 0.504986
0.357483 0.818835 0.495015
0.343219 0.815059 0.484977
0.328575 0.811268 0.474869
0.313493 0.807462 0.464685
0.297902 0.803642 0.454421
0.281714 0.799807 0.444071
0.264814 0.795957 0.433630
0.247052 0.792093 0.423091
0.228223 0.788213 0.412446
0.208035 0.784319 0.401687
0.186054 0.780411 0.390805
0.161576 0.776487 0.379789
0.133334 0.772549 0.368627
0.132422 0.768097 0.366529
0.131515 0.763649 0.364432
0.130611 0.759206 0.362336
0.129710 0.754768 0.360241
0.128814 0.750334 0.358147
0.127921 0.745906 0.356055
0.127031 0.741482 0.353964
0.126145 0.737063 0.351874
0.125263 0.732648 0.349786
0.124385 0.728239 0.347699
0.123509 0.723834 0.345613
0.122638 0.719435 0.343529
0.121770 0.715040 0.341445
0.120905 0.710650 0.339364
0.120044 0.706265 0.337283
0.119186 0.701885 0.335204
0.118332 0.697510 0.333126
0.117481 0.693140 0.331050
0.116634 0.688774 0.328975
0.115790 0.684414 0.326902
0.114949 0.680059 0.324829
0.114111 0.675709 0.322759
0.113277 0.671364 0.320689
0.112447 0.667024 0.318622
0.111619 0.662690 0.316555
0.110795 0.658360 0.314490
0.109974 0.654036 0.312427
0.109156 0.649716 0.310365
0.108341 0.645402 0.308304
0.107530 0.641093 0.306245
0.106722 0.636790 0.304188
0.105916 0.632491 0.302132
0.105114 0.628198 0.300077
0.104315 0.623910 0.298025
0.103519 0.619627 0.295973
0.102726 0.615350 0.293923
0.101936 0.611078 0.291875
0.101149 0.606812 0.289829
0.100365 0.602551 0.287784
0.099584 0.598295 0.285740
0.098805 0.594045 0.283699
0.098030 0.589800 0.281658
0.097257 0.585560 0.279620
0.096488 0.581327 0.277583
0.095720 0.577098 0.275548
0.094956 0.572875 0.273515
0.094195 0.568658 0.271483
0.093436 0.564447 0.269453
0.092679 0.560241 0.267424
0.091926 0.556040 0.265398
0.091175 0.551846 0.263373
0.090426 0.547657 0.261350
0.089680 0.543473 0.259329
0.088937 0.539296 0.257309
0.088196 0.535124 0.255291
0.087457 0.530958 0.253275
0.086721 0.526798 0.251261
0.085987 0.522644 0.249249
0.085256 0.518495 0.247239
0.084527 0.514353 0.245230
0.083800 0.510216 0.243223
0.083075 0.506085 0.241218
0.082353 0.501961 0.239216
0.077396 0.498906 0.240340
0.072407 0.495846 0.241412
0.067378 0.492784 0.242432
0.062302 0.489717 0.243401
0.057168 0.486647 0.244320
0.051963 0.483574 0.245190
0.046673 0.480497 0.246012
0.041278 0.477417 0.246787
0.035836 0.474334 0.247514
0.030679 0.471248 0.248196
0.025819 0.468159 0.248833
0.021248 0.465068 0.249425
0.016958 0.461973 0.249974
0.012943 0.458876 0.250479
0.009195 0.455776 0.250941
0.005707 0.452674 0.251362
0.002472 0.449569 0.251741
0.000000 0.446462 0.252080
0.000000 0.443353 0.252378
0.000000 0.440242 0.252636
0.000000 0.437129 0.252855
0.000000 0.434014 0.253035
0.000000 0.430897 0.253176
0.000000 0.427779 0.253280
0.000000 0.424659 0.253346
0.000000 0.421537 0.253375
0.000000 0.418414 0.253367
0.000000 0.415290 0.253324
0.000000 0.412165 0.253244
0.000000 0.409038 0.253128
0.000000 0.405911 0.252978
0.000000 0.402782 0.252792
0.000000 0.399653 0.252572
0.000000 0.396523 0.252318
0.000000 0.393393 0.252030
0.000000 0.390262 0.251709
0.000000 0.387131 0.251354
0.000000 0.383999 0.250967
0.000000 0.380867 0.250547
0.000000 0.377735 0.250094
0.000000 0.374603 0.249610
0.000000 0.371471 0.249094
0.000000 0.368339 0.248547
0.000000 0.365207 0.247968
0.000000 0.362076 0.247358
0.000000 0.358945 0.246718
0.000000 0.355815 0.246047
0.000000 0.352685 0.245346
0.000000 0.349556 0.244615
0.000000 0.346428 0.243855
0.000000 0.343301 0.243065
0.000233 0.340175 0.242246
0.002142 0.337050 0.241398
0.004103 0.333926 0.240521
0.006114 0.330804 0.239616
0.008169 0.327683 0.238682
0.010267 0.324563 0.237720
0.012402 0.321445 0.236731
0.014572 0.318329 0.235714
0.016773 0.315214 0.234669
0.019002 0.312102 0.233597
0.021255 0.308991 0.232498
0.023529 0.305882 0.231373
0.023038 0.303678 0.229812
0.022558 0.301477 0.228252
0.022089 0.299278 0.226691
0.021631 0.297082 0.225130
0.021184 0.294888 0.223569
0.020747 0.292697 0.222008
0.020321 0.290508 0.220447
0.019904 0.288322 0.218886
0.019497 0.286139 0.217325
0.019100 0.283958 0.215763
0.018713 0.281781 0.214202
0.018335 0.279605 0.212640
0.017966 0.277433 0.211079
0.017606 0.275263 0.209518
0.017255 0.273096 0.207956
0.016913 0.270932 0.206395
0.016579 0.268770 0.204834
0.016254 0.266611 0.203273
0.015936 0.264455 0.201711
0.015627 0.262302 0.200150
0.015325 0.260151 0.198590
0.015032 0.258004 0.197029
0.014745 0.255859 0.195468
0.014466 0.253717 0.193907
0.014195 0.251577 0.192347
0.013930 0.249441 0.190787
0.013672 0.247308 0.189227
0.013421 0.245177 0.187667
0.013177 0.243049 0.186107
0.012938 0.240925 0.184548
0.012707 0.238803 0.182989
0.012481 0.236684 0.181430
0.012262 0.234568 0.179872
0.012048 0.232455 0.178313
0.011840 0.230345 0.176756
0.011638 0.228239 0.175198
0.011441 0.226135 0.173641
0.011250 0.224034 0.172084
0.011063 0.221936 0.170527
0.010882 0.219841 0.168971
0.010706 0.217750 0.167416
0.010534 0.215661 0.165860
0.010368 0.213576 0.164306
0.010206 0.211494 0.162751
0.010048 0.209415 0.161198
0.009894 0.207339 0.159644
0.009745 0.205266 0.158092
0.009600 0.203196 0.156539
0.009459 0.201130 0.154988
0.009322 0.199067 0.153436
0.009189 0.197007 0.151886
0.009059 0.194950 0.150336
0.008933 0.192897 0.148787
0.008810 0.190847 0.147238
0.008691 0.188800 0.145690
0.008574 0.186757 0.144143
0.008461 0.184717 0.142596
0.008351 0.182681 0.141051
0.008244 0.180647 0.139506
0.008140 0.178618 0.137961
0.008038 0.176591 0.136418
0.007939 0.174568 0.134875
0.007843 0.172549 0.133333
