0.019608 0.019608 0.019608
0.020920 0.020920 0.020920
0.022290 0.022290 0.022290
0.023719 0.023719 0.023719
0.025207 0.025207 0.025207
0.026756 0.026756 0.026756
0.028367 0.028367 0.028367
0.030042 0.030042 0.030042
0.031781 0.031781 0.031781
0.033586 0.033586 0.033586
0.035459 0.035459 0.035459
0.037399 0.037399 0.037399
0.039409 0.039409 0.039409
0.041465 0.041465 0.041465
0.043520 0.043520 0.043520
0.045584 0.045584 0.045584
0.047656 0.047656 0.047656
0.049736 0.049736 0.049736
0.051825 0.051825 0.051825
0.053922 0.053922 0.053922
0.056027 0.056027 0.056027
0.058140 0.058140 0.058140
0.060261 0.060261 0.060261
0.062390 0.062390 0.062390
0.064527 0.064527 0.064527
0.066671 0.066671 0.066671
0.068823 0.068823 0.068823
0.070982 0.070982 0.070982
0.073149 0.073149 0.073149
0.075323 0.075323 0.075323
0.077504 0.077504 0.077504
0.079693 0.079693 0.079693
0.081889 0.081889 0.081889
0.084092 0.084092 0.084092
0.086301 0.086301 0.086301
0.088518 0.088518 0.088518
0.090742 0.090742 0.090742
0.092972 0.092972 0.092972
0.095209 0.095209 0.095209
0.097453 0.097453 0.097453
0.099704 0.099704 0.099704
0.101961 0.101961 0.101961
0.104234 0.104234 0.104234
0.106514 0.106514 0.106514
0.108800 0.108800 0.108800
0.111092 0.111092 0.111092
0.113391 0.113391 0.113391
0.115697 0.115697 0.115697
0.118008 0.118008 0.118008
0.120326 0.120326 0.120326
0.122649 0.122649 0.122649
0.124979 0.124979 0.124979
0.127315 0.127315 0.127315
0.129657 0.129657 0.129657
0.132005 0.132005 0.132005
0.134359 0.134359 0.134359
0.136718 0.136718 0.136718
0.139084 0.139084 0.139084
0.141455 0.141455 0.141455
0.143832 0.143832 0.143832
0.146215 0.146215 0.146215
0.148603 0.148603 0.148603
0.150997 0.150997 0.150997
0.153397 0.153397 0.153397
0.155802 0.155802 0.155802
0.158212 0.158212 0.158212
0.160629 0.160629 0.160629
0.163050 0.163050 0.163050
0.165477 0.165477 0.165477
0.167909 0.167909 0.167909
0.170347 0.170347 0.170347
0.172789 0.172789 0.172789
0.175238 0.175238 0.175238
0.177691 0.177691 0.177691
0.180149 0.180149 0.180149
0.182613 0.182613 0.182613
0.185082 0.185082 0.185082
0.187556 0.187556 0.187556
0.190034 0.190034 0.190034
0.192518 0.192518 0.192518
0.195007 0.195007 0.195007
0.197501 0.197501 0.197501
0.200000 0.200000 0.200000
0.204589 0.204589 0.204589
0.209194 0.209194 0.209194
0.213815 0.213815 0.213815
0.218452 0.218452 0.218452
0.223105 0.223105 0.223105
0.227774 0.227774 0.227774
0.232458 0.232458 0.232458
0.237157 0.237157 0.237157
0.241872 0.241872 0.241872
0.246601 0.246601 0.246601
0.251346 0.251346 0.251346
0.256105 0.256105 0.256105
0.260879 0.260879 0.260879
0.265667 0.265667 0.265667
0.270469 0.270469 0.270469
0.275286 0.275286 0.275286
0.280117 0.280117 0.280117
0.284962 0.284962 0.284962
0.289821 0.289821 0.289821
0.294693 0.294693 0.294693
0.299579 0.299579 0.299579
0.304479 0.304479 0.304479
0.309392 0.309392 0.309392
0.314318 0.314318 0.314318
0.319257 0.319257 0.319257
0.324210 0.324210 0.324210
0.329175 0.329175 0.329175
0.334154 0.334154 0.334153
0.339145 0.339145 0.339145
0.344148 0.344148 0.344148
0.349165 0.349165 0.349165
0.354194 0.354194 0.354194
0.359235 0.359235 0.359235
0.364288 0.364288 0.364288
0.369354 0.369354 0.369354
0.374432 0.374432 0.374432
0.379522 0.379522 0.379522
0.384624 0.384624 0.384624
0.389737 0.389737 0.389737
0.394863 0.394863 0.394863
0.400000 0.400000 0.400000
0.404699 0.404699 0.404699
0.409408 0.409408 0.409408
0.414126 0.414126 0.414126
0.418854 0.418854 0.418854
0.423591 0.423591 0.423591
0.428337 0.428337 0.428337
0.433093 0.433093 0.433093
0.437858 0.437858 0.437858
0.442633 0.442633 0.442633
0.447416 0.447416 0.447416
0.452209 0.452209 0.452209
0.457011 0.457011 0.457011
0.461822 0.461822 0.461822
0.466642 0.466642 0.466642
0.471470 0.471470 0.471470
0.476308 0.476308 0.476308
0.481154 0.481154 0.481154
0.486010 0.486010 0.486010
0.490874 0.490874 0.490874
0.495746 0.495746 0.495746
0.500627 0.500627 0.500627
0.505517 0.505517 0.505517
0.510416 0.510416 0.510416
0.515323 0.515323 0.515323
0.520238 0.520238 0.520238
0.525162 0.525162 0.525162
0.530094 0.530094 0.530094
0.535034 0.535034 0.535034
0.539983 0.539983 0.539983
0.544940 0.544940 0.544940
0.549905 0.549905 0.549905
0.554879 0.554879 0.554879
0.559860 0.559860 0.559860
0.564850 0.564850 0.564850
0.569847 0.569847 0.569847
0.574853 0.574853 0.574853
0.579867 0.579867 0.579867
0.584888 0.584888 0.584888
0.589918 0.589918 0.589918
0.594955 0.594955 0.594955
0.600000 0.600000 0.600000
0.604748 0.604748 0.604748
0.609503 0.609503 0.609503
0.614265 0.614265 0.614265
0.619034 0.619034 0.619034
0.623809 0.623809 0.623809
0.628591 0.628591 0.628591
0.633380 0.633380 0.633380
0.638175 0.638175 0.638175
0.642977 0.642977 0.642977
0.647786 0.647786 0.647786
0.652601 0.652601 0.652601
0.657423 0.657423 0.657423
0.662252 0.662252 0.662252
0.667087 0.667087 0.667087
0.671928 0.671928 0.671928
0.676776 0.676776 0.676776
0.681630 0.681630 0.681630
0.686491 0.686491 0.686491
0.691358 0.691358 0.691358
0.696232 0.696231 0.696231
0.701111 0.701111 0.701111
0.705997 0.705997 0.705997
0.710890 0.710890 0.710890
0.715788 0.715788 0.715788
0.720693 0.720693 0.720693
0.725604 0.725604 0.725604
0.730522 0.730521 0.730521
0.735445 0.735445 0.735445
0.740374 0.740374 0.740374
0.745310 0.745310 0.745310
0.750252 0.750252 0.750252
0.755200 0.755200 0.755200
0.760154 0.760154 0.760154
0.765114 0.765114 0.765113
0.770080 0.770079 0.770079
0.775051 0.775051 0.775051
0.780029 0.780029 0.780029
0.785013 0.785013 0.785013
0.790003 0.790003 0.790003
0.794999 0.794998 0.794998
0.800000 0.800000 0.800000
0.803512 0.803512 0.803512
0.807027 0.807027 0.807026
0.810544 0.810544 0.810544
0.814065 0.814065 0.814064
0.817588 0.817588 0.817588
0.821114 0.821114 0.821114
0.824643 0.824643 0.824643
0.828175 0.828175 0.828175
0.831709 0.831709 0.831709
0.835247 0.835247 0.835247
0.838787 0.838787 0.838787
0.842330 0.842330 0.842330
0.845876 0.845876 0.845876
0.849425 0.849425 0.849425
0.852976 0.852976 0.852976
0.856530 0.856530 0.856530
0.860087 0.860087 0.860087
0.863647 0.863647 0.863647
0.867210 0.867210 0.867210
0.870775 0.870775 0.870775
0.874343 0.874343 0.874343
0.877914 0.877914 0.877914
0.881487 0.881487 0.881487
0.885064 0.885063 0.885063
0.888642 0.888642 0.888642
0.892224 0.892224 0.892224
0.895809 0.895809 0.895808
0.899396 0.899396 0.899396
0.902985 0.902985 0.902985
0.906578 0.906578 0.906578
0.910173 0.910173 0.910173
0.913771 0.913771 0.913771
0.917372 0.917371 0.917371
0.920975 0.920975 0.920975
0.924581 0.924581 0.924580
0.928189 0.928189 0.928189
0.931800 0.931800 0.931800
0.935414 0.935414 0.935414
0.939031 0.939030 0.939030
0.942650 0.942650 0.942649
0.946271 0.946271 0.946271
0.949896 0.949896 0.949896
0.953523 0.953523 0.953522
0.957152 0.957152 0.957152
0.960784 0.960784 0.960784
