0.043137 0.105882 0.239216
0.043781 0.108797 0.242235
0.044419 0.111718 0.245252
0.045052 0.114646 0.248268
0.045678 0.117580 0.251282
0.046300 0.120520 0.254294
0.046915 0.123468 0.257304
0.047526 0.126422 0.260311
0.048132 0.129382 0.263317
0.048732 0.132350 0.266320
0.049328 0.135324 0.269320
0.049919 0.138305 0.272318
0.050506 0.141293 0.275314
0.051089 0.144287 0.278306
0.051668 0.147288 0.281296
0.052243 0.150297 0.284283
0.052815 0.153311 0.287266
0.053383 0.156333 0.290247
0.053948 0.159361 0.293224
0.054510 0.162396 0.296198
0.055070 0.165438 0.299169
0.055627 0.168487 0.302136
0.056182 0.171542 0.305099
0.056735 0.174604 0.308059
0.057287 0.177672 0.311015
0.057837 0.180748 0.313967
0.058387 0.183829 0.316915
0.058936 0.186918 0.319859
0.059484 0.190013 0.322799
0.060032 0.193114 0.325734
0.060581 0.196222 0.328666
0.061130 0.199336 0.331592
0.061680 0.202457 0.334515
0.062231 0.205584 0.337432
0.062784 0.208718 0.340346
0.063339 0.211858 0.343254
0.063897 0.215004 0.346157
0.064457 0.218156 0.349056
0.065020 0.221314 0.351950
0.065587 0.224479 0.354838
0.066158 0.227650 0.357722
0.066733 0.230827 0.360600
0.067313 0.234010 0.363473
0.067898 0.237199 0.366340
0.068488 0.240393 0.369202
0.069085 0.243594 0.372059
0.069688 0.246801 0.374910
0.070298 0.250013 0.377755
0.070916 0.253232 0.380595
0.071541 0.256456 0.383428
0.072175 0.259685 0.386256
0.072817 0.262921 0.389078
0.073469 0.266162 0.391894
0.074130 0.269408 0.394703
0.074802 0.272660 0.397507
0.075484 0.275918 0.400304
0.076177 0.279180 0.403095
0.076882 0.282449 0.405880
0.077599 0.285722 0.408658
0.078328 0.289001 0.411430
0.079071 0.292285 0.414195
0.079826 0.295575 0.416953
0.080596 0.298869 0.419705
0.081380 0.302168 0.422450
0.082179 0.305473 0.425188
0.082994 0.308783 0.427919
0.083824 0.312097 0.430644
0.084671 0.315417 0.433361
0.085534 0.318741 0.436071
0.086414 0.322070 0.438774
0.087312 0.325404 0.441470
0.088228 0.328742 0.444159
0.089163 0.332085 0.446841
0.090116 0.335433 0.449515
0.091089 0.338786 0.452182
0.092081 0.342142 0.454841
0.093094 0.345504 0.457493
0.094127 0.348869 0.460137
0.095181 0.352240 0.462774
0.096256 0.355614 0.465403
0.097352 0.358993 0.468024
0.098471 0.362376 0.470638
0.099611 0.365763 0.473243
0.100775 0.369154 0.475841
0.101961 0.372549 0.478431
0.101768 0.376450 0.481316
0.101586 0.380357 0.484182
0.101416 0.384270 0.487028
0.101260 0.388189 0.489854
0.101120 0.392115 0.492661
0.100999 0.396046 0.495447
0.100898 0.399983 0.498214
0.100819 0.403926 0.500960
0.100766 0.407874 0.503685
0.100741 0.411828 0.506390
0.100745 0.415787 0.509075
0.100782 0.419751 0.511738
0.100853 0.423720 0.514380
0.100962 0.427694 0.517001
0.101111 0.431672 0.519601
0.101303 0.435656 0.522180
0.101540 0.439643 0.524736
0.101824 0.443635 0.527271
0.102159 0.447631 0.529785
0.102547 0.451632 0.532276
0.102990 0.455636 0.534745
0.103491 0.459644 0.537192
0.104053 0.463655 0.539617
0.104676 0.467671 0.542020
0.105365 0.471689 0.544400
0.106121 0.475711 0.546757
0.106945 0.479736 0.549092
0.107841 0.483764 0.551404
0.108809 0.487794 0.553693
0.109852 0.491828 0.555959
0.110971 0.495864 0.558202
0.112167 0.499902 0.560422
0.113442 0.503943 0.562618
0.114797 0.507985 0.564792
0.116233 0.512030 0.566942
0.117750 0.516077 0.569069
0.119349 0.520125 0.571172
0.121031 0.524175 0.573252
0.122796 0.528227 0.575308
0.124645 0.532279 0.577340
0.126577 0.536333 0.579349
0.128592 0.540388 0.581334
0.130691 0.544444 0.583295
0.132873 0.548501 0.585232
0.135137 0.552558 0.587145
0.137483 0.556616 0.589035
0.139911 0.560674 0.590900
0.142420 0.564732 0.592742
0.145009 0.568791 0.594560
0.147677 0.572849 0.596353
0.150423 0.576907 0.598123
0.153248 0.580965 0.599868
0.156148 0.585022 0.601590
0.159125 0.589079 0.603287
0.162176 0.593135 0.604960
0.165300 0.597189 0.606610
0.168497 0.601243 0.608235
0.171765 0.605296 0.609836
0.175104 0.609347 0.611413
0.178512 0.613397 0.612966
0.181987 0.617446 0.614495
0.185530 0.621492 0.616000
0.189139 0.625537 0.617481
0.192813 0.629580 0.618938
0.196551 0.633620 0.620372
0.200351 0.637658 0.621781
0.204214 0.641694 0.623167
0.208137 0.645727 0.624528
0.212120 0.649758 0.625866
0.216161 0.653786 0.627181
0.220261 0.657811 0.628472
0.224417 0.661832 0.629739
0.228630 0.665851 0.630983
0.232898 0.669866 0.632203
0.237220 0.673878 0.633400
0.241595 0.677886 0.634574
0.246023 0.681890 0.635725
0.250503 0.685890 0.636852
0.255035 0.689887 0.637957
0.259616 0.693879 0.639038
0.264247 0.697867 0.640097
0.268927 0.701851 0.641133
0.273656 0.705830 0.642146
0.278431 0.709804 0.643137
0.287275 0.712953 0.648534
0.296000 0.716099 0.653901
0.304618 0.719242 0.659238
0.313138 0.722381 0.664547
0.321568 0.725518 0.669826
0.329915 0.728652 0.675075
0.338187 0.731783 0.680295
0.346389 0.734912 0.685485
0.354526 0.738038 0.690646
0.362602 0.741161 0.695777
0.370623 0.744282 0.700878
0.378592 0.747401 0.705949
0.386513 0.750518 0.710990
0.394389 0.753633 0.716001
0.402223 0.756746 0.720982
0.410018 0.759857 0.725933
0.417775 0.762966 0.730853
0.425498 0.766074 0.735743
0.433189 0.769181 0.740603
0.440849 0.772285 0.745433
0.448480 0.775389 0.750232
0.456085 0.778492 0.755000
0.463664 0.781593 0.759738
0.471218 0.784694 0.764445
0.478750 0.787793 0.769121
0.486261 0.790892 0.773767
0.493751 0.793991 0.778381
0.501222 0.797088 0.782965
0.508674 0.800186 0.787517
0.516109 0.803283 0.792039
0.523527 0.806380 0.796529
0.530930 0.809477 0.800989
0.538317 0.812574 0.805417
0.545691 0.815671 0.809814
0.553050 0.818768 0.814179
0.560396 0.821865 0.818514
0.567730 0.824964 0.822816
0.575051 0.828062 0.827088
0.582362 0.831162 0.831328
0.589660 0.834262 0.835536
0.596949 0.837363 0.839713
0.604226 0.840465 0.843859
0.611494 0.843569 0.847972
0.618752 0.846673 0.852055
0.626001 0.849779 0.856105
0.633241 0.852886 0.860124
0.640472 0.855996 0.864111
0.647694 0.859106 0.868066
0.654909 0.862219 0.871990
0.662115 0.865333 0.875882
0.669313 0.868450 0.879742
0.676503 0.871569 0.883570
0.683685 0.874690 0.887367
0.690861 0.877813 0.891132
0.698028 0.880939 0.894865
0.705189 0.884068 0.898566
0.712342 0.887199 0.902235
0.719488 0.890333 0.905873
0.726627 0.893471 0.909479
0.733760 0.896611 0.913053
0.740885 0.899754 0.916595
0.748004 0.902901 0.920106
0.755115 0.906051 0.923585
0.762220 0.909205 0.927032
0.769318 0.912363 0.930447
0.776409 0.915524 0.933831
0.783494 0.918689 0.937183
0.790571 0.921859 0.940504
0.797642 0.925032 0.943792
0.804706 0.928210 0.947050
0.811763 0.931392 0.950276
0.818813 0.934579 0.953470
0.825857 0.937770 0.956633
0.832893 0.940966 0.959765
0.839922 0.944167 0.962865
0.846943 0.947373 0.965934
0.853958 0.950584 0.968972
0.860965 0.953800 0.971978
0.867965 0.957022 0.974954
0.874958 0.960249 0.977898
0.881942 0.963482 0.980812
0.888920 0.966720 0.983694
0.895889 0.969964 0.986546
0.902850 0.973214 0.989367
0.909804 0.976471 0.992157
