0.980392 0.870588 0.921569
0.978261 0.859638 0.915193
0.976058 0.848694 0.908860
0.973783 0.837756 0.902570
0.971437 0.826823 0.896322
0.969020 0.815895 0.890116
0.966534 0.804972 0.883951
0.963978 0.794053 0.877827
0.961354 0.783138 0.871744
0.958662 0.772225 0.865702
0.955903 0.761315 0.859700
0.953077 0.750407 0.853737
0.950186 0.739500 0.847814
0.947228 0.728593 0.841930
0.944206 0.717685 0.836085
0.941120 0.706776 0.830278
0.937969 0.695865 0.824509
0.934756 0.684951 0.818777
0.931480 0.674033 0.813082
0.928141 0.663109 0.807425
0.924741 0.652179 0.801803
0.921280 0.641241 0.796218
0.917758 0.630294 0.790668
0.914176 0.619336 0.785153
0.910534 0.608366 0.779673
0.906833 0.597382 0.774228
0.903074 0.586382 0.768816
0.899256 0.575364 0.763438
0.895380 0.564326 0.758093
0.891447 0.553266 0.752780
0.887456 0.542181 0.747500
0.883410 0.531068 0.742252
0.879307 0.519925 0.737035
0.875149 0.508747 0.731849
0.870935 0.497532 0.726694
0.866667 0.486275 0.721569
0.856984 0.476780 0.714788
0.847301 0.467303 0.708027
0.837618 0.457842 0.701287
0.827934 0.448397 0.694566
0.818251 0.438968 0.687864
0.808568 0.429553 0.681182
0.798887 0.420152 0.674518
0.789206 0.410764 0.667873
0.779526 0.401387 0.661245
0.769848 0.392021 0.654635
0.760173 0.382665 0.648043
0.750499 0.373317 0.641467
0.740828 0.363975 0.634908
0.731159 0.354639 0.628366
0.721494 0.345306 0.621839
0.711832 0.335974 0.615328
0.702174 0.326641 0.608833
0.692520 0.317304 0.602352
0.682871 0.307961 0.595886
0.673227 0.298609 0.589434
0.663587 0.289244 0.582996
0.653954 0.279861 0.576571
0.644326 0.270458 0.570160
0.634705 0.261027 0.563761
0.625090 0.251565 0.557375
0.615483 0.242063 0.551001
0.605883 0.232514 0.544638
0.596291 0.222910 0.538287
0.586708 0.213240 0.531947
0.577133 0.203491 0.525618
0.567568 0.193649 0.519299
0.558013 0.183697 0.512990
0.548468 0.173613 0.506690
0.538934 0.163372 0.500399
0.529412 0.152941 0.494118
0.517788 0.149808 0.489578
0.506233 0.146667 0.484925
0.494749 0.143518 0.480158
0.483337 0.140361 0.475280
0.472000 0.137194 0.470292
0.460737 0.134017 0.465196
0.449550 0.130829 0.459994
0.438441 0.127630 0.454686
0.427411 0.124420 0.449275
0.416461 0.121197 0.443762
0.405593 0.117961 0.438150
0.394808 0.114712 0.432439
0.384107 0.111450 0.426631
0.373492 0.108173 0.420729
0.362963 0.104882 0.414734
0.352523 0.101575 0.408648
0.342171 0.098254 0.402472
0.331911 0.094916 0.396210
0.321742 0.091562 0.389862
0.311666 0.088192 0.383431
0.301684 0.084804 0.376919
0.291798 0.081399 0.370328
0.282009 0.077976 0.363659
0.272318 0.074534 0.356916
0.262726 0.071073 0.350100
0.253234 0.067592 0.343213
0.243845 0.064090 0.336257
0.234558 0.060566 0.329236
0.225376 0.057020 0.322151
0.216299 0.053449 0.315004
0.207330 0.049854 0.307798
0.198469 0.046231 0.300535
0.189717 0.042579 0.293218
0.181077 0.038887 0.285849
0.172549 0.035294 0.278431
0.168802 0.042816 0.282215
0.164967 0.049947 0.285726
0.161046 0.056687 0.288968
0.157037 0.063113 0.291941
0.152940 0.069280 0.294647
0.148756 0.075228 0.297089
0.144485 0.080987 0.299271
0.140128 0.086579 0.301194
0.135686 0.092020 0.302864
0.131160 0.097325 0.304284
0.126553 0.102504 0.305459
0.121868 0.107564 0.306396
0.117109 0.112510 0.307098
0.112279 0.117349 0.307572
0.107385 0.122082 0.307825
0.102434 0.126714 0.307862
0.097434 0.131245 0.307692
0.092398 0.135677 0.307321
0.087337 0.140011 0.306756
0.082268 0.144247 0.306006
0.077213 0.148386 0.305079
0.072195 0.152427 0.303983
0.067246 0.156371 0.302726
0.062402 0.160218 0.301317
0.057709 0.163968 0.299765
0.053223 0.167619 0.298079
0.049008 0.171173 0.296269
0.045141 0.174629 0.294343
0.041709 0.177986 0.292311
0.038798 0.181246 0.290182
0.036574 0.184408 0.287967
0.035094 0.187471 0.285674
0.034375 0.190437 0.283314
0.034436 0.193306 0.280897
0.035294 0.196078 0.278431
0.036404 0.204538 0.286687
0.037489 0.213063 0.294906
0.038555 0.221652 0.303086
0.039608 0.230302 0.311225
0.040654 0.239013 0.319319
0.041681 0.247783 0.327364
0.042710 0.256611 0.335360
0.043754 0.265496 0.343302
0.044828 0.274436 0.351189
0.045945 0.283429 0.359017
0.047123 0.292475 0.366785
0.048379 0.301571 0.374489
0.049730 0.310718 0.382127
0.051194 0.319912 0.389697
0.052791 0.329153 0.397196
0.054539 0.338439 0.404623
0.056456 0.347769 0.411975
0.058560 0.357142 0.419250
0.060868 0.366556 0.426446
0.063395 0.376009 0.433561
0.066157 0.385500 0.440593
0.069165 0.395028 0.447540
0.072430 0.404591 0.454400
0.075962 0.414189 0.461173
0.079768 0.423818 0.467855
0.083853 0.433478 0.474446
0.088220 0.443168 0.480943
0.092872 0.452886 0.487346
0.097809 0.462630 0.493653
0.103032 0.472399 0.499863
0.108537 0.482192 0.505975
0.114323 0.492007 0.511986
0.120387 0.501842 0.517897
0.126725 0.511697 0.523706
0.133333 0.521569 0.529412
0.147162 0.529876 0.535698
0.160385 0.538196 0.541995
0.173132 0.546530 0.548302
0.185495 0.554878 0.554620
0.197545 0.563239 0.560949
0.209335 0.571613 0.567288
0.220908 0.580000 0.573639
0.232299 0.588399 0.580001
0.243535 0.596812 0.586375
0.254638 0.605237 0.592760
0.265628 0.613674 0.599158
0.276522 0.622124 0.605568
0.287332 0.630585 0.611990
0.298070 0.639059 0.618425
0.308747 0.647545 0.624872
0.319372 0.656043 0.631333
0.329951 0.664552 0.637808
0.340491 0.673074 0.644295
0.350999 0.681606 0.650797
0.361480 0.690150 0.657312
0.371938 0.698705 0.663842
0.382377 0.707272 0.670386
0.392801 0.715849 0.676944
0.403214 0.724437 0.683517
0.413617 0.733037 0.690106
0.424015 0.741647 0.696709
0.434409 0.750267 0.703328
0.444801 0.758899 0.709963
0.455194 0.767541 0.716614
0.465589 0.776193 0.723280
0.475988 0.784856 0.729963
0.486392 0.793528 0.736663
0.496802 0.802212 0.743379
0.507220 0.810905 0.750112
0.517647 0.819608 0.756863
0.517747 0.822330 0.776718
0.519816 0.824656 0.795891
0.523816 0.826609 0.814319
0.529675 0.828212 0.831946
0.537285 0.829493 0.848720
0.546516 0.830477 0.864594
0.557219 0.831195 0.879529
0.569233 0.831675 0.893490
0.582394 0.831946 0.906450
0.596535 0.832041 0.918386
0.611498 0.831988 0.929282
0.627129 0.831820 0.939130
0.643283 0.831566 0.947927
0.659829 0.831256 0.955676
0.676641 0.830921 0.962387
0.693607 0.830589 0.968075
0.710625 0.830287 0.972764
0.727602 0.830044 0.976479
0.744453 0.829885 0.979255
0.761101 0.829835 0.981129
0.777479 0.829917 0.982145
0.793523 0.830154 0.982349
0.809179 0.830565 0.981794
0.824396 0.831169 0.980535
0.839130 0.831985 0.978632
0.853342 0.833026 0.976145
0.866996 0.834308 0.973140
0.880062 0.835841 0.969682
0.892514 0.837635 0.965841
0.904331 0.839699 0.961684
0.915494 0.842037 0.957283
0.925989 0.844653 0.952708
0.935807 0.847548 0.948030
0.944940 0.850722 0.943316
0.953387 0.854172 0.938637
0.961148 0.857892 0.934059
0.968230 0.861874 0.929648
0.974640 0.866110 0.925464
0.980392 0.870588 0.921569
