0.050980 0.007843 0.129412
0.054747 0.008268 0.135081
0.058559 0.008700 0.140768
0.062415 0.009139 0.146472
0.066316 0.009586 0.152193
0.070260 0.010038 0.157930
0.074249 0.010497 0.163681
0.078281 0.010960 0.169445
0.082357 0.011427 0.175222
0.086476 0.011898 0.181011
0.090637 0.012373 0.186811
0.094842 0.012849 0.192621
0.099089 0.013327 0.198440
0.103378 0.013806 0.204267
0.107709 0.014285 0.210102
0.112082 0.014763 0.215944
0.116497 0.015240 0.221792
0.120953 0.015714 0.227646
0.125450 0.016186 0.233504
0.129989 0.016653 0.239366
0.134568 0.017115 0.245231
0.139188 0.017571 0.251098
0.143849 0.018021 0.256968
0.148550 0.018463 0.262839
0.153292 0.018896 0.268710
0.158073 0.019319 0.274581
0.162894 0.019732 0.280452
0.167755 0.020133 0.286321
0.172656 0.020522 0.292188
0.177596 0.020896 0.298052
0.182576 0.021256 0.303913
0.187594 0.021600 0.309771
0.192652 0.021927 0.315624
0.197748 0.022236 0.321472
0.202883 0.022525 0.327315
0.208057 0.022794 0.333151
0.213269 0.023042 0.338981
0.218519 0.023266 0.344804
0.223807 0.023467 0.350619
0.229134 0.023642 0.356426
0.234498 0.023791 0.362223
0.239900 0.023911 0.368012
0.245340 0.024003 0.373791
0.250817 0.024065 0.379559
0.256332 0.024094 0.385317
0.261883 0.024091 0.391063
0.267472 0.024053 0.396798
0.273098 0.023979 0.402520
0.278761 0.023868 0.408229
0.284460 0.023719 0.413925
0.290196 0.023529 0.419608
0.296100 0.025014 0.421904
0.302034 0.026511 0.424150
0.307995 0.028019 0.426345
0.313985 0.029538 0.428488
0.320003 0.031067 0.430580
0.326048 0.032607 0.432620
0.332119 0.034155 0.434608
0.338217 0.035713 0.436543
0.344341 0.037279 0.438425
0.350491 0.038854 0.440254
0.356666 0.040436 0.442029
0.362865 0.041982 0.443751
0.369088 0.043501 0.445418
0.375335 0.044994 0.447030
0.381605 0.046463 0.448588
0.387898 0.047908 0.450091
0.394213 0.049331 0.451538
0.400550 0.050733 0.452929
0.406908 0.052115 0.454265
0.413287 0.053477 0.455544
0.419686 0.054821 0.456767
0.426105 0.056148 0.457934
0.432544 0.057458 0.459043
0.439001 0.058753 0.460095
0.445476 0.060033 0.461090
0.451970 0.061299 0.462027
0.458481 0.062553 0.462906
0.465008 0.063795 0.463727
0.471552 0.065026 0.464490
0.478111 0.066247 0.465194
0.484686 0.067459 0.465840
0.491276 0.068663 0.466426
0.497879 0.069860 0.466954
0.504496 0.071051 0.467422
0.511127 0.072236 0.467830
0.517769 0.073418 0.468178
0.524424 0.074597 0.468467
0.531090 0.075775 0.468695
0.537767 0.076951 0.468863
0.544454 0.078128 0.468971
0.551151 0.079307 0.469017
0.557857 0.080489 0.469003
0.564572 0.081674 0.468927
0.571295 0.082865 0.468790
0.578025 0.084063 0.468592
0.584761 0.085268 0.468331
0.591504 0.086483 0.468009
0.598253 0.087708 0.467624
0.605007 0.088946 0.467177
0.611765 0.090196 0.466667
0.618636 0.091706 0.465147
0.625499 0.093245 0.463556
0.632355 0.094816 0.461894
0.639202 0.096419 0.460161
0.646038 0.098058 0.458357
0.652865 0.099734 0.456481
0.659679 0.101449 0.454533
0.666482 0.103205 0.452513
0.673271 0.105005 0.450421
0.680046 0.106849 0.448255
0.686807 0.108741 0.446017
0.693551 0.110681 0.443705
0.700279 0.112672 0.441319
0.706989 0.114714 0.438859
0.713681 0.116811 0.436324
0.720354 0.118963 0.433713
0.727006 0.121172 0.431026
0.733638 0.123439 0.428263
0.740247 0.125765 0.425422
0.746834 0.128153 0.422503
0.753397 0.130602 0.419505
0.759936 0.133115 0.416427
0.766449 0.135692 0.413269
0.772936 0.138335 0.410028
0.779395 0.141043 0.406704
0.785827 0.143819 0.403297
0.792229 0.146662 0.399803
0.798601 0.149573 0.396223
0.804943 0.152554 0.392554
0.811253 0.155603 0.388795
0.817530 0.158723 0.384943
0.823774 0.161912 0.380998
0.829983 0.165172 0.376957
0.836157 0.168503 0.372817
0.842295 0.171905 0.368576
0.848396 0.175377 0.364231
0.854459 0.178921 0.359779
0.860483 0.182535 0.355218
0.866467 0.186221 0.350543
0.872411 0.189977 0.345751
0.878312 0.193803 0.340837
0.884172 0.197700 0.335797
0.889988 0.201667 0.330625
0.895760 0.205704 0.325317
0.901486 0.209811 0.319866
0.907167 0.213987 0.314265
0.912801 0.218231 0.308506
0.918387 0.222544 0.302581
0.923924 0.226924 0.296482
0.929412 0.231373 0.290196
0.932492 0.241605 0.283029
0.935450 0.251689 0.275847
0.938286 0.261643 0.268649
0.940999 0.271479 0.261437
0.943591 0.281211 0.254210
0.946062 0.290849 0.246972
0.948412 0.300401 0.239722
0.950641 0.309874 0.232465
0.952751 0.319275 0.225202
0.954741 0.328610 0.217938
0.956612 0.337884 0.210678
0.958366 0.347099 0.203427
0.960002 0.356260 0.196192
0.961522 0.365370 0.188983
0.962926 0.374432 0.181810
0.964215 0.383447 0.174686
0.965390 0.392417 0.167627
0.966452 0.401345 0.160651
0.967402 0.410231 0.153781
0.968241 0.419077 0.147043
0.968970 0.427884 0.140470
0.969590 0.436652 0.134098
0.970103 0.445382 0.127973
0.970510 0.454074 0.122146
0.970811 0.462729 0.116675
0.971009 0.471348 0.111627
0.971104 0.479930 0.107074
0.971099 0.488474 0.103097
0.970994 0.496983 0.099774
0.970791 0.505454 0.097187
0.970492 0.513889 0.095407
0.970098 0.522286 0.094495
0.969611 0.530646 0.094493
0.969033 0.538969 0.095422
0.968366 0.547254 0.097278
0.967611 0.555500 0.100038
0.966770 0.563707 0.103655
0.965846 0.571876 0.108070
0.964840 0.580004 0.113216
0.963754 0.588093 0.119019
0.962591 0.596141 0.125410
0.961353 0.604148 0.132319
0.960042 0.612114 0.139683
0.958660 0.620038 0.147446
0.957209 0.627919 0.155557
0.955693 0.635757 0.163974
0.954113 0.643551 0.172656
0.952473 0.651301 0.181573
0.950774 0.659006 0.190696
0.949020 0.666667 0.200000
0.949349 0.672577 0.214692
0.949683 0.678458 0.228730
0.950021 0.684307 0.242228
0.950365 0.690127 0.255271
0.950715 0.695917 0.267927
0.951072 0.701677 0.280249
0.951437 0.707409 0.292280
0.951810 0.713111 0.304058
0.952193 0.718785 0.315611
0.952586 0.724431 0.326965
0.952989 0.730048 0.338141
0.953405 0.735638 0.349158
0.953834 0.741200 0.360032
0.954276 0.746734 0.370777
0.954732 0.752241 0.381404
0.955203 0.757721 0.391924
0.955691 0.763174 0.402347
0.956196 0.768600 0.412681
0.956718 0.773999 0.422933
0.957259 0.779372 0.433110
0.957820 0.784719 0.443219
0.958401 0.790039 0.453263
0.959004 0.795333 0.463249
0.959629 0.800601 0.473181
0.960277 0.805843 0.483061
0.960949 0.811060 0.492895
0.961646 0.816251 0.502685
0.962369 0.821416 0.512434
0.963119 0.826556 0.522145
0.963897 0.831670 0.531820
0.964703 0.836759 0.541462
0.965539 0.841823 0.551073
0.966405 0.846862 0.560653
0.967303 0.851876 0.570206
0.968233 0.856865 0.579733
0.969196 0.861828 0.589234
0.970193 0.866767 0.598712
0.971225 0.871681 0.608167
0.972293 0.876571 0.617601
0.973398 0.881435 0.627015
0.974541 0.886275 0.636409
0.975722 0.891091 0.645784
0.976943 0.895882 0.655141
0.978204 0.900648 0.664480
0.979506 0.905391 0.673803
0.980851 0.910108 0.683110
0.982238 0.914802 0.692400
0.983670 0.919471 0.701675
0.985146 0.924116 0.710936
0.986667 0.928737 0.720181
0.988235 0.933333 0.729412
