0.231373 0.027451 0.392157
0.236412 0.029717 0.399807
0.241468 0.032079 0.407484
0.246541 0.034538 0.415187
0.251630 0.037095 0.422915
0.256737 0.039753 0.430669
0.261859 0.042449 0.438448
0.266997 0.045132 0.446251
0.272152 0.047813 0.454080
0.277322 0.050491 0.461933
0.282508 0.053167 0.469810
0.287709 0.055843 0.477711
0.292925 0.058518 0.485637
0.298157 0.061194 0.493585
0.303404 0.063871 0.501558
0.308665 0.066548 0.509553
0.313942 0.069228 0.517572
0.319233 0.071909 0.525613
0.324538 0.074593 0.533677
0.329858 0.077279 0.541764
0.335192 0.079969 0.549873
0.340540 0.082661 0.558004
0.345901 0.085357 0.566158
0.351277 0.088057 0.574333
0.356667 0.090760 0.582529
0.362070 0.093467 0.590748
0.367486 0.096178 0.598987
0.372916 0.098894 0.607248
0.378359 0.101614 0.615530
0.383816 0.104338 0.623833
0.389285 0.107067 0.632156
0.394767 0.109800 0.640501
0.400262 0.112538 0.648865
0.405770 0.115281 0.657250
0.411290 0.118029 0.665656
0.416823 0.120782 0.674081
0.422368 0.123540 0.682526
0.427926 0.126303 0.690991
0.433496 0.129071 0.699476
0.439078 0.131844 0.707980
0.444672 0.134622 0.716504
0.450278 0.137406 0.725046
0.455896 0.140194 0.733609
0.461526 0.142989 0.742190
0.467167 0.145788 0.750790
0.472820 0.148593 0.759409
0.478484 0.151403 0.768046
0.484160 0.154218 0.776703
0.489848 0.157039 0.785377
0.495546 0.159865 0.794071
0.501256 0.162697 0.802782
0.506977 0.165534 0.811512
0.512709 0.168376 0.820259
0.518452 0.171224 0.829025
0.524206 0.174077 0.837808
0.529971 0.176936 0.846609
0.535746 0.179800 0.855428
0.541533 0.182669 0.864265
0.547329 0.185544 0.873119
0.553137 0.188425 0.881990
0.558955 0.191310 0.890879
0.564783 0.194201 0.899784
0.570622 0.197098 0.908707
0.576471 0.200000 0.917647
0.581839 0.219179 0.920066
0.587234 0.237128 0.922453
0.592653 0.254107 0.924810
0.598098 0.270300 0.927134
0.603567 0.285842 0.929428
0.609061 0.300836 0.931689
0.614580 0.315363 0.933918
0.620124 0.329488 0.936116
0.625692 0.343262 0.938280
0.631285 0.356728 0.940412
0.636902 0.369923 0.942511
0.642543 0.382875 0.944577
0.648209 0.395612 0.946609
0.653899 0.408154 0.948608
0.659612 0.420521 0.950573
0.665350 0.432729 0.952504
0.671111 0.444794 0.954400
0.676896 0.456727 0.956263
0.682705 0.468540 0.958090
0.688537 0.480243 0.959883
0.694393 0.491845 0.961640
0.700272 0.503355 0.963362
0.706175 0.514779 0.965048
0.712101 0.526124 0.966698
0.718050 0.537396 0.968312
0.724022 0.548601 0.969890
0.730018 0.559743 0.971431
0.736036 0.570827 0.972935
0.742078 0.581858 0.974401
0.748142 0.592838 0.975831
0.754229 0.603772 0.977222
0.760339 0.614662 0.978576
0.766472 0.625512 0.979891
0.772627 0.636325 0.981168
0.778805 0.647102 0.982406
0.785006 0.657847 0.983605
0.791229 0.668561 0.984764
0.797475 0.679248 0.985884
0.803743 0.689907 0.986964
0.810033 0.700542 0.988003
0.816346 0.711154 0.989002
0.822681 0.721745 0.989960
0.829038 0.732315 0.990876
0.835417 0.742867 0.991751
0.841819 0.753402 0.992584
0.848242 0.763921 0.993375
0.854688 0.774425 0.994123
0.861156 0.784915 0.994828
0.867645 0.795392 0.995490
0.874157 0.805857 0.996109
0.880690 0.816312 0.996683
0.887246 0.826756 0.997213
0.893823 0.837191 0.997698
0.900422 0.847617 0.998138
0.907042 0.858036 0.998533
0.913684 0.868447 0.998882
0.920348 0.878852 0.999184
0.927034 0.889251 0.999439
0.933741 0.899644 0.999647
0.940470 0.910033 0.999808
0.947220 0.920418 0.999921
0.953991 0.930799 0.999985
0.960784 0.941176 1.000000
0.954364 0.935562 1.000000
0.947331 0.930154 1.000000
0.939688 0.924957 1.000000
0.931434 0.919972 1.000000
0.922571 0.915202 1.000000
0.913101 0.910648 1.000000
0.903026 0.906309 1.000000
0.892349 0.902186 1.000000
0.881074 0.898277 1.000000
0.869202 0.894580 1.000000
0.856739 0.891093 1.000000
0.843686 0.887812 1.000000
0.830049 0.884732 1.000000
0.815829 0.881851 1.000000
0.801031 0.879162 1.000000
0.785657 0.876660 1.000000
0.769709 0.874338 1.000000
0.753188 0.872190 1.000000
0.736094 0.870209 1.000000
0.718428 0.868386 1.000000
0.700187 0.866714 1.000000
0.681368 0.865184 1.000000
0.661965 0.863787 1.000000
0.641970 0.862513 1.000000
0.621372 0.861353 1.000000
0.600156 0.860296 1.000000
0.578303 0.859331 1.000000
0.555788 0.858447 1.000000
0.532578 0.857633 1.000000
0.508632 0.856876 1.000000
0.483895 0.856164 1.000000
0.458298 0.855484 1.000000
0.431747 0.854824 0.991807
0.404118 0.854170 0.982716
0.375238 0.853508 0.972858
0.344867 0.852825 0.962226
0.312647 0.852105 0.950813
0.278025 0.851334 0.938614
0.240073 0.850498 0.925625
0.197041 0.849581 0.911845
0.144875 0.848568 0.897272
0.068431 0.847445 0.881906
0.000000 0.846196 0.865749
0.000000 0.844805 0.848804
0.000000 0.843258 0.831072
0.000000 0.841539 0.812557
0.000000 0.839633 0.793262
0.000000 0.837525 0.773191
0.000000 0.835201 0.752346
0.000000 0.832646 0.730727
0.000000 0.829846 0.708334
0.000000 0.826787 0.685163
0.000000 0.823456 0.661206
0.000000 0.819840 0.636450
0.000000 0.815926 0.610875
0.000000 0.811702 0.584450
0.000000 0.807156 0.557132
0.000000 0.802278 0.528862
0.000000 0.797057 0.499554
0.000000 0.791483 0.469088
0.000000 0.785546 0.437295
0.046385 0.779238 0.403930
0.133334 0.772549 0.368627
0.122816 0.764922 0.368786
0.112031 0.757296 0.368843
0.100900 0.749671 0.368800
0.089315 0.742047 0.368660
0.077117 0.734425 0.368424
0.064059 0.726805 0.368094
0.049723 0.719187 0.367671
0.033551 0.711572 0.367158
0.017768 0.703959 0.366555
0.003139 0.696350 0.365864
0.000000 0.688744 0.365088
0.000000 0.681142 0.364226
0.000000 0.673544 0.363280
0.000000 0.665950 0.362253
0.000000 0.658361 0.361144
0.000000 0.650777 0.359955
0.000000 0.643198 0.358688
0.000000 0.635624 0.357343
0.000000 0.628057 0.355922
0.000000 0.620495 0.354425
0.000000 0.612940 0.352854
0.000000 0.605392 0.351210
0.000000 0.597851 0.349494
0.000000 0.590318 0.347707
0.000000 0.582792 0.345849
0.000000 0.575274 0.343922
0.000000 0.567765 0.341927
0.000000 0.560264 0.339864
0.000000 0.552773 0.337735
0.000000 0.545290 0.335539
0.000000 0.537818 0.333279
0.000000 0.530355 0.330955
0.000000 0.522903 0.328568
0.000000 0.515461 0.326119
0.000000 0.508031 0.323608
0.000000 0.500612 0.321036
0.000000 0.493204 0.318404
0.000000 0.485809 0.315713
0.000000 0.478426 0.312964
0.000000 0.471055 0.310157
0.000000 0.463698 0.307293
0.000000 0.456354 0.304372
0.000000 0.449024 0.301397
0.000000 0.441708 0.298367
0.000000 0.434407 0.295283
0.000000 0.427120 0.292145
0.000000 0.419849 0.288955
0.000000 0.412593 0.285714
0.000000 0.405353 0.282421
0.000000 0.398129 0.279078
0.000000 0.390922 0.275686
0.000000 0.383733 0.272244
0.000000 0.376560 0.268755
0.000000 0.369406 0.265218
0.000000 0.362269 0.261634
0.000000 0.355152 0.258005
0.000000 0.348053 0.254330
0.001992 0.340974 0.250611
0.006498 0.333914 0.246848
0.010913 0.326875 0.243042
0.015229 0.319856 0.239193
0.019437 0.312859 0.235303
0.023529 0.305882 0.231373
