0.101961 0.086275 0.211765
0.104541 0.088483 0.216574
0.107130 0.090698 0.221401
0.109726 0.092920 0.226245
0.112330 0.095148 0.231106
0.114942 0.097382 0.235983
0.117561 0.099623 0.240877
0.120187 0.101870 0.245787
0.122821 0.104123 0.250713
0.125462 0.106382 0.255656
0.128111 0.108648 0.260614
0.130767 0.110920 0.265588
0.133429 0.113198 0.270577
0.136099 0.115481 0.275582
0.138775 0.117771 0.280603
0.141459 0.120067 0.285638
0.144149 0.122369 0.290689
0.146846 0.124677 0.295754
0.149549 0.126990 0.300835
0.152259 0.129309 0.305930
0.154976 0.131635 0.311039
0.157699 0.133965 0.316164
0.160428 0.136302 0.321302
0.163164 0.138644 0.326455
0.165906 0.140992 0.331621
0.168654 0.143346 0.336802
0.171408 0.145705 0.341997
0.174169 0.148069 0.347205
0.176935 0.150440 0.352427
0.179707 0.152815 0.357663
0.182486 0.155196 0.362912
0.185270 0.157583 0.368175
0.188060 0.159975 0.373450
0.190855 0.162372 0.378739
0.193657 0.164775 0.384042
0.196464 0.167183 0.389357
0.199276 0.169596 0.394685
0.202095 0.172015 0.400026
0.204918 0.174438 0.405379
0.207747 0.176867 0.410746
0.210582 0.179301 0.416125
0.213422 0.181741 0.421516
0.216267 0.184185 0.426920
0.219118 0.186635 0.432336
0.221974 0.189089 0.437765
0.224834 0.191549 0.443205
0.227701 0.194013 0.448658
0.230572 0.196483 0.454123
0.233448 0.198958 0.459599
0.236329 0.201437 0.465088
0.239216 0.203922 0.470588
0.242666 0.208051 0.475794
0.246123 0.212187 0.481009
0.249588 0.216330 0.486234
0.253061 0.220479 0.491467
0.256541 0.224636 0.496709
0.260029 0.228800 0.501960
0.263524 0.232971 0.507219
0.267026 0.237150 0.512488
0.270535 0.241336 0.517765
0.274051 0.245529 0.523051
0.277574 0.249730 0.528346
0.281104 0.253938 0.533649
0.284641 0.258154 0.538961
0.288184 0.262377 0.544281
0.291734 0.266608 0.549610
0.295290 0.270847 0.554947
0.298853 0.275094 0.560293
0.302422 0.279348 0.565647
0.305997 0.283610 0.571009
0.309579 0.287880 0.576380
0.313167 0.292157 0.581759
0.316761 0.296442 0.587146
0.320361 0.300736 0.592542
0.323966 0.305037 0.597945
0.327578 0.309345 0.603357
0.331196 0.313662 0.608777
0.334819 0.317987 0.614204
0.338448 0.322319 0.619640
0.342082 0.326659 0.625084
0.345723 0.331007 0.630535
0.349368 0.335363 0.635995
0.353019 0.339727 0.641462
0.356676 0.344098 0.646937
0.360338 0.348478 0.652420
0.364005 0.352865 0.657911
0.367677 0.357260 0.663409
0.371354 0.361663 0.668915
0.375037 0.366074 0.674429
0.378725 0.370493 0.679950
0.382417 0.374919 0.685479
0.386115 0.379353 0.691015
0.389817 0.383795 0.696559
0.393525 0.388244 0.702110
0.397237 0.392702 0.707669
0.400954 0.397167 0.713235
0.404675 0.401640 0.718809
0.408402 0.406120 0.724390
0.412132 0.410608 0.729978
0.415868 0.415104 0.735574
0.419608 0.419608 0.741176
0.423605 0.423725 0.743945
0.427610 0.427842 0.746712
0.431622 0.431960 0.749479
0.435643 0.436078 0.752244
0.439671 0.440197 0.755008
0.443707 0.444316 0.757771
0.447750 0.448437 0.760533
0.451801 0.452558 0.763294
0.455859 0.456681 0.766054
0.459924 0.460804 0.768813
0.463996 0.464929 0.771571
0.468075 0.469055 0.774327
0.472160 0.473183 0.777083
0.476253 0.477312 0.779838
0.480352 0.481443 0.782592
0.484458 0.485575 0.785345
0.488571 0.489709 0.788097
0.492690 0.493845 0.790848
0.496815 0.497983 0.793598
0.500946 0.502122 0.796347
0.505084 0.506264 0.799095
0.509228 0.510407 0.801842
0.513378 0.514553 0.804588
0.517533 0.518701 0.807334
0.521695 0.522851 0.810078
0.525862 0.527003 0.812822
0.530035 0.531158 0.815565
0.534214 0.535315 0.818307
0.538399 0.539474 0.821048
0.542588 0.543636 0.823788
0.546784 0.547801 0.826527
0.550985 0.551967 0.829266
0.555191 0.556137 0.832004
0.559402 0.560309 0.834741
0.563618 0.564484 0.837477
0.567840 0.568661 0.840212
0.572067 0.572842 0.842947
0.576299 0.577025 0.845681
0.580535 0.581211 0.848414
0.584777 0.585399 0.851146
0.589024 0.589591 0.853878
0.593275 0.593786 0.856609
0.597531 0.597983 0.859339
0.601792 0.602184 0.862069
0.606057 0.606387 0.864797
0.610327 0.610594 0.867526
0.614601 0.614803 0.870253
0.618880 0.619016 0.872980
0.623163 0.623232 0.875706
0.627451 0.627451 0.878431
0.631143 0.631187 0.879763
0.634839 0.634923 0.881091
0.638538 0.638660 0.882417
0.642241 0.642397 0.883739
0.645947 0.646136 0.885058
0.649657 0.649875 0.886373
0.653370 0.653615 0.887686
0.657087 0.657355 0.888996
0.660807 0.661097 0.890302
0.664530 0.664840 0.891605
0.668256 0.668583 0.892905
0.671986 0.672328 0.894202
0.675718 0.676074 0.895496
0.679454 0.679821 0.896787
0.683193 0.683568 0.898074
0.686935 0.687318 0.899359
0.690680 0.691068 0.900640
0.694427 0.694819 0.901918
0.698178 0.698572 0.903193
0.701932 0.702326 0.904465
0.705688 0.706082 0.905734
0.709447 0.709838 0.906999
0.713209 0.713597 0.908262
0.716973 0.717356 0.909521
0.720741 0.721117 0.910778
0.724510 0.724880 0.912031
0.728283 0.728644 0.913281
0.732058 0.732409 0.914528
0.735835 0.736176 0.915772
0.739615 0.739945 0.917012
0.743398 0.743715 0.918250
0.747183 0.747487 0.919484
0.750970 0.751261 0.920716
0.754759 0.755036 0.921944
0.758551 0.758813 0.923169
0.762345 0.762592 0.924391
0.766142 0.766372 0.925610
0.769941 0.770154 0.926826
0.773741 0.773938 0.928039
0.777544 0.777724 0.929249
0.781349 0.781512 0.930455
0.785157 0.785301 0.931659
0.788966 0.789093 0.932859
0.792777 0.792886 0.934057
0.796591 0.796681 0.935251
0.800406 0.800478 0.936442
0.804223 0.804277 0.937630
0.808042 0.808078 0.938816
0.811863 0.811881 0.939997
0.815686 0.815686 0.941176
0.818523 0.818041 0.941912
0.821352 0.820399 0.942648
0.824172 0.822762 0.943385
0.826983 0.825129 0.944122
0.829785 0.827500 0.944859
0.832579 0.829875 0.945597
0.835364 0.832255 0.946336
0.838141 0.834638 0.947075
0.840908 0.837026 0.947816
0.843667 0.839418 0.948557
0.846417 0.841814 0.949299
0.849158 0.844215 0.950041
0.851891 0.846619 0.950785
0.854615 0.849028 0.951530
0.857329 0.851441 0.952276
0.860035 0.853859 0.953023
0.862732 0.856280 0.953772
0.865420 0.858706 0.954522
0.868100 0.861136 0.955273
0.870770 0.863571 0.956025
0.873431 0.866010 0.956779
0.876084 0.868452 0.957535
0.878727 0.870900 0.958292
0.881362 0.873351 0.959051
0.883987 0.875807 0.959811
0.886604 0.878267 0.960574
0.889211 0.880732 0.961338
0.891809 0.883200 0.962104
0.894398 0.885673 0.962872
0.896978 0.888151 0.963642
0.899549 0.890633 0.964414
0.902111 0.893119 0.965188
0.904664 0.895609 0.965965
0.907207 0.898103 0.966743
0.909741 0.900602 0.967524
0.912266 0.903106 0.968308
0.914782 0.905613 0.969094
0.917288 0.908125 0.969882
0.919786 0.910642 0.970674
0.922274 0.913162 0.971467
0.924752 0.915687 0.972264
0.927221 0.918217 0.973063
0.929681 0.920750 0.973865
0.932131 0.923288 0.974670
0.934572 0.925831 0.975478
0.937004 0.928378 0.976289
0.939426 0.930929 0.977103
0.941839 0.933484 0.977921
0.944242 0.936044 0.978741
0.946636 0.938608 0.979565
0.949020 0.941176 0.980392
