0.145098 0.047059 0.258824
0.148134 0.048517 0.263565
0.151180 0.049979 0.268320
0.154235 0.051444 0.273089
0.157300 0.052914 0.277871
0.160374 0.054386 0.282667
0.163458 0.055863 0.287476
0.166551 0.057343 0.292298
0.169653 0.058826 0.297133
0.172765 0.060314 0.301980
0.175885 0.061804 0.306841
0.179015 0.063298 0.311714
0.182154 0.064795 0.316600
0.185301 0.066296 0.321499
0.188457 0.067800 0.326409
0.191623 0.069308 0.331332
0.194797 0.070818 0.336267
0.197979 0.072332 0.341215
0.201170 0.073850 0.346174
0.204370 0.075370 0.351145
0.207578 0.076894 0.356127
0.210795 0.078420 0.361122
0.214020 0.079950 0.366128
0.217254 0.081483 0.371145
0.220496 0.083019 0.376174
0.223746 0.084559 0.381214
0.227004 0.086101 0.386266
0.230271 0.087646 0.391328
0.233545 0.089194 0.396402
0.236828 0.090745 0.401486
0.240119 0.092299 0.406582
0.243417 0.093856 0.411688
0.246724 0.095416 0.416805
0.250038 0.096979 0.421933
0.253361 0.098545 0.427071
0.256691 0.100113 0.432220
0.260028 0.101684 0.437380
0.263374 0.103258 0.442549
0.266727 0.104835 0.447729
0.270088 0.106414 0.452920
0.273456 0.107997 0.458120
0.276832 0.109582 0.463331
0.280216 0.111169 0.468551
0.283607 0.112760 0.473782
0.287005 0.114353 0.479022
0.290411 0.115948 0.484272
0.293824 0.117546 0.489532
0.297245 0.119147 0.494802
0.300672 0.120750 0.500082
0.304108 0.122356 0.505371
0.307550 0.123965 0.510669
0.310999 0.125576 0.515977
0.314456 0.127189 0.521295
0.317920 0.128805 0.526622
0.321390 0.130424 0.531958
0.324868 0.132045 0.537303
0.328353 0.133668 0.542658
0.331845 0.135294 0.548021
0.335344 0.136922 0.553394
0.338849 0.138552 0.558776
0.342362 0.140185 0.564167
0.345882 0.141820 0.569566
0.349408 0.143458 0.574975
0.352941 0.145098 0.580392
0.362080 0.160685 0.586659
0.371280 0.175600 0.592911
0.380537 0.189995 0.599151
0.389849 0.203977 0.605378
0.399211 0.217627 0.611592
0.408621 0.231007 0.617794
0.418074 0.244164 0.623985
0.427569 0.257138 0.630165
0.437103 0.269959 0.636334
0.446672 0.282652 0.642492
0.456275 0.295239 0.648641
0.465908 0.307737 0.654781
0.475570 0.320162 0.660912
0.485257 0.332525 0.667035
0.494969 0.344839 0.673150
0.504703 0.357113 0.679257
0.514457 0.369354 0.685358
0.524229 0.381570 0.691453
0.534017 0.393767 0.697542
0.543820 0.405952 0.703626
0.553635 0.418128 0.709705
0.563462 0.430301 0.715780
0.573298 0.442474 0.721852
0.583142 0.454651 0.727920
0.592993 0.466835 0.733986
0.602848 0.479028 0.740050
0.612708 0.491234 0.746113
0.622569 0.503454 0.752176
0.632432 0.515691 0.758238
0.642294 0.527946 0.764300
0.652155 0.540222 0.770364
0.662014 0.552519 0.776429
0.671868 0.564840 0.782496
0.681717 0.577185 0.788566
0.691560 0.589556 0.794639
0.701396 0.601953 0.800717
0.711224 0.614379 0.806799
0.721042 0.626833 0.812886
0.730850 0.639316 0.818980
0.740646 0.651830 0.825079
0.750430 0.664374 0.831186
0.760201 0.676950 0.837300
0.769958 0.689559 0.843423
0.779699 0.702199 0.849555
0.789424 0.714873 0.855697
0.799133 0.727581 0.861848
0.808823 0.740322 0.868011
0.818495 0.753098 0.874185
0.828147 0.765908 0.880371
0.837779 0.778753 0.886570
0.847390 0.791634 0.892783
0.856979 0.804550 0.899010
0.866545 0.817502 0.905252
0.876087 0.830489 0.911509
0.885605 0.843513 0.917782
0.895098 0.856573 0.924072
0.904565 0.869670 0.930379
0.914006 0.882803 0.936705
0.923419 0.895972 0.943049
0.932804 0.909179 0.949413
0.942161 0.922422 0.955797
0.951488 0.935702 0.962201
0.960784 0.949020 0.968627
0.959775 0.941735 0.968375
0.959431 0.934266 0.967468
0.959712 0.926629 0.965875
0.960573 0.918841 0.963567
0.961965 0.910919 0.960519
0.963839 0.902881 0.956710
0.966144 0.894744 0.952121
0.968825 0.886527 0.946736
0.971830 0.878250 0.940544
0.975103 0.869930 0.933534
0.978590 0.861587 0.925701
0.982238 0.853241 0.917042
0.985993 0.844911 0.907558
0.989804 0.836617 0.897250
0.993617 0.828378 0.886125
0.997385 0.820214 0.874193
1.000000 0.812672 0.861534
1.000000 0.806465 0.848543
1.000000 0.800282 0.835184
1.000000 0.794125 0.821425
1.000000 0.787997 0.807234
1.000000 0.781899 0.792573
1.000000 0.775835 0.777400
1.000000 0.769805 0.761668
1.000000 0.763812 0.745322
1.000000 0.757859 0.728300
1.000000 0.751949 0.710530
1.000000 0.746085 0.691928
1.000000 0.740269 0.672392
1.000000 0.734507 0.651802
1.000000 0.728800 0.630015
1.000000 0.723154 0.606849
1.000000 0.717572 0.582083
1.000000 0.712059 0.555428
1.000000 0.706621 0.526511
0.998581 0.701915 0.497095
0.992311 0.699504 0.473283
0.985238 0.697503 0.449163
0.977340 0.695913 0.424743
0.968595 0.694733 0.400026
0.958983 0.693957 0.375007
0.948484 0.693578 0.349674
0.937077 0.693587 0.324002
0.924741 0.693971 0.297955
0.911456 0.694715 0.271476
0.897201 0.695802 0.244480
0.881952 0.697211 0.216843
0.865688 0.698920 0.188372
0.848380 0.700906 0.158755
0.830002 0.703142 0.127437
0.810519 0.705601 0.093286
0.789895 0.708253 0.053265
0.768086 0.711069 0.006171
0.744582 0.713986 0.000000
0.720111 0.716907 0.000000
0.694582 0.719869 0.000000
0.667729 0.722914 0.000000
0.639214 0.726088 0.000000
0.608593 0.729441 0.000000
0.575835 0.732682 0.025494
0.541017 0.735651 0.071570
0.503520 0.738493 0.108414
0.462745 0.741176 0.141176
0.456901 0.732131 0.139126
0.451070 0.723106 0.137081
0.445253 0.714102 0.135039
0.439449 0.705119 0.133001
0.433658 0.696157 0.130968
0.427882 0.687217 0.128939
0.422119 0.678298 0.126914
0.416369 0.669401 0.124893
0.410634 0.660525 0.122877
0.404913 0.651672 0.120865
0.399206 0.642841 0.118857
0.393514 0.634031 0.116853
0.387836 0.625245 0.114854
0.382172 0.616481 0.112859
0.376523 0.607740 0.110869
0.370889 0.599022 0.108883
0.365269 0.590327 0.106902
0.359665 0.581655 0.104925
0.354075 0.573007 0.102953
0.348501 0.564383 0.100985
0.342942 0.555782 0.099022
0.337399 0.547206 0.097063
0.331871 0.538655 0.095109
0.326359 0.530127 0.093160
0.320863 0.521625 0.091215
0.315383 0.513147 0.089275
0.309919 0.504695 0.087340
0.304471 0.496268 0.085410
0.299040 0.487867 0.083485
0.293625 0.479492 0.081564
0.288228 0.471143 0.079648
0.282847 0.462821 0.077738
0.277483 0.454525 0.075832
0.272136 0.446256 0.073931
0.266807 0.438014 0.072035
0.261495 0.429799 0.070145
0.256201 0.421613 0.068259
0.250925 0.413454 0.066379
0.245667 0.405324 0.064504
0.240427 0.397222 0.062634
0.235206 0.389150 0.060769
0.230004 0.381106 0.058910
0.224820 0.373092 0.057056
0.219656 0.365108 0.055207
0.214511 0.357155 0.053364
0.209385 0.349232 0.051526
0.204280 0.341339 0.049693
0.199194 0.333478 0.047867
0.194129 0.325649 0.046045
0.189084 0.317852 0.044230
0.184059 0.310087 0.042420
0.179056 0.302355 0.040616
0.174074 0.294657 0.038809
0.169114 0.286992 0.037053
0.164175 0.279362 0.035350
0.159259 0.271766 0.033699
0.154365 0.264205 0.032099
0.149494 0.256680 0.030549
0.144645 0.249191 0.029049
0.139821 0.241739 0.027598
0.135020 0.234324 0.026195
0.130243 0.226947 0.024839
0.125490 0.219608 0.023529
