1.000000 0.000000 0.000000
1.000000 0.055315 0.000000
1.000000 0.092941 0.000000
1.000000 0.120979 0.000000
1.000000 0.144296 0.000000
1.000000 0.164703 0.000000
1.000000 0.183103 0.000000
1.000000 0.200019 0.000000
1.000000 0.215787 0.000000
1.000000 0.230636 0.000000
1.000000 0.244727 0.000000
1.000000 0.258184 0.000000
1.000000 0.271099 0.000000
1.000000 0.283546 0.000000
1.000000 0.295582 0.000000
1.000000 0.307255 0.000000
1.000000 0.318605 0.000000
1.000000 0.329663 0.000000
1.000000 0.340458 0.000000
1.000000 0.351012 0.000000
1.000000 0.361347 0.000000
1.000000 0.371479 0.000000
1.000000 0.381423 0.000000
1.000000 0.391193 0.000000
1.000000 0.400801 0.000000
1.000000 0.410256 0.000000
1.000000 0.419568 0.000000
1.000000 0.428745 0.000000
1.000000 0.437795 0.000000
1.000000 0.446723 0.000000
1.000000 0.455536 0.000000
1.000000 0.464238 0.000000
1.000000 0.472836 0.000000
1.000000 0.481333 0.000000
1.000000 0.489733 0.000000
1.000000 0.498039 0.000000
1.000000 0.510677 0.000000
1.000000 0.523467 0.000000
1.000000 0.536405 0.000000
1.000000 0.549486 0.000000
1.000000 0.562706 0.000000
1.000000 0.576060 0.000000
1.000000 0.589544 0.000000
1.000000 0.603153 0.000000
1.000000 0.616883 0.000000
1.000000 0.630728 0.000000
1.000000 0.644685 0.000000
1.000000 0.658747 0.000000
1.000000 0.672911 0.000000
1.000000 0.687171 0.000000
1.000000 0.701522 0.000000
1.000000 0.715960 0.000000
1.000000 0.730479 0.000000
1.000000 0.745075 0.000000
1.000000 0.759743 0.000000
1.000000 0.774477 0.000000
1.000000 0.789273 0.000000
1.000000 0.804125 0.000000
1.000000 0.819028 0.000000
1.000000 0.833977 0.000000
1.000000 0.848968 0.000000
1.000000 0.863994 0.000000
1.000000 0.879051 0.000000
1.000000 0.894134 0.000000
1.000000 0.909238 0.000000
1.000000 0.924356 0.000000
1.000000 0.939485 0.000000
1.000000 0.954619 0.000000
1.000000 0.969753 0.000000
1.000000 0.984882 0.000000
1.000000 1.000000 0.000000
0.987348 0.999721 0.000000
0.974399 0.999485 0.000000
0.961144 0.999290 0.000000
0.947576 0.999132 0.000000
0.933685 0.999011 0.000000
0.919460 0.998923 0.000000
0.904890 0.998867 0.000000
0.889963 0.998839 0.000000
0.874665 0.998838 0.000000
0.858980 0.998861 0.000000
0.842892 0.998905 0.000000
0.826380 0.998969 0.000000
0.809423 0.999049 0.000000
0.791996 0.999144 0.000000
0.774071 0.999250 0.000000
0.755617 0.999366 0.000000
0.736596 0.999488 0.000000
0.716965 0.999614 0.000000
0.696676 0.999743 0.000000
0.675671 0.999870 0.000000
0.653879 0.999994 0.000000
0.631219 1.000000 0.000000
0.607590 1.000000 0.000000
0.582869 1.000000 0.000000
0.556902 1.000000 0.000000
0.529492 1.000000 0.000000
0.500384 1.000000 0.000000
0.469231 1.000000 0.000000
0.435553 1.000000 0.000000
0.398646 1.000000 0.000000
0.357407 1.000000 0.000000
0.309939 1.000000 0.000000
0.252444 1.000000 0.000000
0.174731 1.000000 0.000000
0.000001 1.000000 0.000000
0.000000 0.993461 0.198398
0.000000 0.985924 0.287282
0.000000 0.977374 0.354944
0.000000 0.967795 0.412269
0.000000 0.957176 0.463249
0.000000 0.945505 0.509834
0.000000 0.932774 0.553123
0.000000 0.918977 0.593787
0.000000 0.904108 0.632255
0.000000 0.888165 0.668810
0.000000 0.871145 0.703633
0.000000 0.853047 0.736839
0.000000 0.833873 0.768495
0.000000 0.813623 0.798631
0.000000 0.792301 0.827248
0.000000 0.769909 0.854328
0.000000 0.746451 0.879836
0.000000 0.721930 0.903725
0.000000 0.696348 0.925937
0.000000 0.669706 0.946408
0.000000 0.642000 0.965071
0.000000 0.613224 0.981853
0.000000 0.583362 0.996682
0.000000 0.552388 1.000000
0.000000 0.520261 1.000000
0.000000 0.486914 1.000000
0.000000 0.452246 1.000000
0.000000 0.416097 1.000000
0.000000 0.378220 1.000000
0.000000 0.338214 1.000000
0.000000 0.295402 1.000000
0.000000 0.248537 1.000000
0.000000 0.194984 1.000000
0.000000 0.127350 1.000000
0.000000 0.000000 1.000000
0.060299 0.000000 0.987647
0.097521 0.000000 0.975085
0.123955 0.000000 0.962324
0.144897 0.000000 0.949374
0.162347 0.000000 0.936245
0.177314 0.000000 0.922949
0.190392 0.000000 0.909495
0.201965 0.000000 0.895893
0.212298 0.000000 0.882155
0.221584 0.000000 0.868291
0.229968 0.000000 0.854310
0.237561 0.000000 0.840224
0.244453 0.000000 0.826042
0.250717 0.000000 0.811776
0.256410 0.000000 0.797434
0.261583 0.000000 0.783028
0.266277 0.000000 0.768567
0.270528 0.000000 0.754062
0.274365 0.000000 0.739522
0.277817 0.000000 0.724957
0.280904 0.000000 0.710377
0.283649 0.000000 0.695791
0.286068 0.000000 0.681209
0.288178 0.000000 0.666641
0.289992 0.000000 0.652095
0.291523 0.000000 0.637581
0.292783 0.000000 0.623107
0.293780 0.000000 0.608683
0.294526 0.000000 0.594317
0.295028 0.000000 0.580017
0.295293 0.000000 0.565793
0.295328 0.000000 0.551651
0.295141 0.000000 0.537601
0.294735 0.000000 0.523649
0.294118 0.000000 0.509804
0.301419 0.000419 0.518947
0.308775 0.000835 0.528093
0.316184 0.001246 0.537242
0.323646 0.001652 0.546392
0.331161 0.002049 0.555543
0.338729 0.002438 0.564694
0.346350 0.002814 0.573845
0.354023 0.003178 0.582995
0.361748 0.003527 0.592143
0.369526 0.003858 0.601289
0.377356 0.004171 0.610432
0.385237 0.004462 0.619571
0.393170 0.004731 0.628706
0.401154 0.004974 0.637837
0.409189 0.005189 0.646962
0.417275 0.005376 0.656081
0.425413 0.005530 0.665193
0.433600 0.005650 0.674298
0.441839 0.005733 0.683396
0.450128 0.005778 0.692485
0.458466 0.005781 0.701565
0.466855 0.005740 0.710636
0.475294 0.005653 0.719697
0.483783 0.005517 0.728747
0.492321 0.005329 0.737786
0.500908 0.005087 0.746813
0.509545 0.004787 0.755829
0.518231 0.004428 0.764831
0.526965 0.004007 0.773821
0.535749 0.003520 0.782796
0.544581 0.002964 0.791758
0.553461 0.002338 0.800705
0.562390 0.001637 0.809636
0.571367 0.000859 0.818552
0.580392 0.000000 0.827451
0.596366 0.000000 0.817523
0.612127 0.000000 0.807083
0.627676 0.000000 0.796145
0.643014 0.000000 0.784725
0.658142 0.000000 0.772837
0.673056 0.000000 0.760498
0.687755 0.000000 0.747721
0.702233 0.000000 0.734522
0.716485 0.000000 0.720915
0.730507 0.000000 0.706914
0.744291 0.000000 0.692531
0.757831 0.000000 0.677780
0.771120 0.000000 0.662672
0.784148 0.000000 0.647218
0.796909 0.000000 0.631426
0.809394 0.000000 0.615304
0.821593 0.000000 0.598859
0.833499 0.000000 0.582094
0.845102 0.000000 0.565009
0.856393 0.000000 0.547604
0.867362 0.000000 0.529873
0.878002 0.000000 0.511807
0.888301 0.000000 0.493391
0.898253 0.000000 0.474605
0.907846 0.000000 0.455421
0.917074 0.000000 0.435802
0.925926 0.000000 0.415698
0.934395 0.000000 0.395046
0.942471 0.000000 0.373760
0.950147 0.000000 0.351727
0.957416 0.000000 0.328797
0.964268 0.000000 0.304759
0.970697 0.000000 0.279319
0.976696 0.000000 0.252034
0.982257 0.000000 0.222207
0.987375 0.000000 0.188629
0.992042 0.000000 0.148859
0.996252 0.000000 0.096311
1.000000 0.000000 0.000000
