0.160784 0.023529 0.043137
0.165334 0.024107 0.044498
0.169902 0.024686 0.045850
0.174489 0.025268 0.047194
0.179094 0.025852 0.048529
0.183717 0.026437 0.049855
0.188358 0.027023 0.051173
0.193016 0.027612 0.052481
0.197692 0.028201 0.053781
0.202385 0.028791 0.055070
0.207096 0.029383 0.056350
0.211823 0.029975 0.057621
0.216567 0.030568 0.058881
0.221328 0.031161 0.060131
0.226106 0.031755 0.061370
0.230899 0.032348 0.062599
0.235709 0.032942 0.063817
0.240535 0.033536 0.065024
0.245376 0.034130 0.066220
0.250233 0.034723 0.067405
0.255106 0.035317 0.068578
0.259994 0.035909 0.069739
0.264898 0.036501 0.070889
0.269816 0.037092 0.072026
0.274750 0.037682 0.073151
0.279698 0.038271 0.074263
0.284661 0.038860 0.075363
0.289638 0.039447 0.076450
0.294630 0.040033 0.077524
0.299637 0.040614 0.078584
0.304657 0.041184 0.079631
0.309692 0.041747 0.080665
0.314740 0.042304 0.081684
0.319803 0.042856 0.082689
0.324879 0.043401 0.083680
0.329968 0.043941 0.084656
0.335071 0.044474 0.085618
0.340188 0.045002 0.086564
0.345317 0.045525 0.087496
0.350460 0.046042 0.088412
0.355616 0.046553 0.089312
0.360784 0.047059 0.090196
0.366086 0.047779 0.091597
0.371401 0.048497 0.092995
0.376729 0.049212 0.094391
0.382070 0.049924 0.095784
0.387425 0.050633 0.097175
0.392793 0.051339 0.098563
0.398173 0.052042 0.099949
0.403566 0.052743 0.101332
0.408973 0.053441 0.102712
0.414391 0.054136 0.104089
0.419823 0.054829 0.105464
0.425267 0.055519 0.106835
0.430723 0.056206 0.108204
0.436192 0.056891 0.109569
0.441673 0.057573 0.110931
0.447166 0.058253 0.112291
0.452671 0.058930 0.113647
0.458188 0.059605 0.115000
0.463717 0.060277 0.116349
0.469258 0.060947 0.117695
0.474811 0.061615 0.119038
0.480376 0.062280 0.120377
0.485952 0.062943 0.121713
0.491539 0.063603 0.123045
0.497139 0.064261 0.124374
0.502749 0.064918 0.125699
0.508371 0.065571 0.127020
0.514005 0.066223 0.128337
0.519649 0.066873 0.129651
0.525305 0.067520 0.130961
0.530971 0.068165 0.132266
0.536649 0.068809 0.133568
0.542338 0.069450 0.134866
0.548038 0.070089 0.136160
0.553748 0.070726 0.137450
0.559469 0.071362 0.138735
0.565201 0.071995 0.140016
0.570944 0.072626 0.141293
0.576697 0.073256 0.142566
0.582461 0.073884 0.143834
0.588235 0.074510 0.145098
0.593975 0.076096 0.147039
0.599725 0.077683 0.148984
0.605485 0.079273 0.150933
0.611254 0.080864 0.152885
0.617034 0.082457 0.154840
0.622824 0.084052 0.156799
0.628624 0.085649 0.158762
0.634433 0.087248 0.160728
0.640253 0.088849 0.162698
0.646082 0.090452 0.164671
0.651921 0.092057 0.166647
0.657769 0.093664 0.168627
0.663627 0.095273 0.170610
0.669495 0.096884 0.172597
0.675372 0.098497 0.174587
0.681258 0.100113 0.176580
0.687154 0.101730 0.178577
0.693060 0.103349 0.180577
0.698974 0.104971 0.182580
0.704898 0.106594 0.184586
0.710832 0.108220 0.186596
0.716774 0.109847 0.188609
0.722726 0.111477 0.190625
0.728686 0.113109 0.192645
0.734656 0.114743 0.194667
0.740635 0.116379 0.196693
0.746622 0.118018 0.198722
0.752619 0.119658 0.200754
0.758625 0.121300 0.202789
0.764639 0.122945 0.204828
0.770662 0.124592 0.206869
0.776694 0.126241 0.208914
0.782735 0.127892 0.210961
0.788785 0.129545 0.213012
0.794843 0.131200 0.215066
0.800910 0.132858 0.217122
0.806985 0.134517 0.219182
0.813069 0.136179 0.221245
0.819162 0.137842 0.223311
0.825263 0.139508 0.225379
0.831373 0.141176 0.227451
0.834291 0.147330 0.232238
0.837208 0.153316 0.236999
0.840121 0.159152 0.241735
0.843033 0.164853 0.246447
0.845941 0.170431 0.251137
0.848848 0.175897 0.255807
0.851751 0.181260 0.260457
0.854652 0.186530 0.265088
0.857551 0.191712 0.269702
0.860447 0.196815 0.274299
0.863341 0.201843 0.278880
0.866232 0.206802 0.283447
0.869121 0.211696 0.287999
0.872007 0.216531 0.292538
0.874891 0.221309 0.297064
0.877773 0.226034 0.301578
0.880651 0.230710 0.306081
0.883528 0.235340 0.310572
0.886402 0.239926 0.315053
0.889273 0.244470 0.319525
0.892142 0.248976 0.323986
0.895009 0.253444 0.328439
0.897873 0.257878 0.332883
0.900735 0.262279 0.337319
0.903594 0.266648 0.341747
0.906451 0.270988 0.346167
0.909306 0.275299 0.350580
0.912158 0.279584 0.354987
0.915008 0.283843 0.359387
0.917855 0.288077 0.363780
0.920700 0.292288 0.368168
0.923543 0.296478 0.372550
0.926383 0.300646 0.376926
0.929221 0.304793 0.381297
0.932056 0.308922 0.385663
0.934889 0.313032 0.390025
0.937720 0.317125 0.394381
0.940549 0.321200 0.398733
0.943375 0.325260 0.403081
0.946198 0.329304 0.407425
0.949020 0.333333 0.411765
0.949846 0.340743 0.417862
0.950656 0.348052 0.423931
0.951449 0.355265 0.429973
0.952225 0.362389 0.435987
0.952984 0.369429 0.441975
0.953726 0.376392 0.447937
0.954451 0.383280 0.453874
0.955159 0.390099 0.459786
0.955850 0.396852 0.465674
0.956523 0.403544 0.471538
0.957180 0.410177 0.477379
0.957819 0.416754 0.483197
0.958441 0.423279 0.488993
0.959045 0.429755 0.494766
0.959632 0.436182 0.500518
0.960202 0.442565 0.506248
0.960754 0.448905 0.511958
0.961288 0.455204 0.517646
0.961805 0.461465 0.523314
0.962305 0.467688 0.528961
0.962786 0.473876 0.534588
0.963250 0.480031 0.540196
0.963696 0.486153 0.545783
0.964125 0.492244 0.551351
0.964535 0.498306 0.556900
0.964928 0.504339 0.562429
0.965302 0.510346 0.567939
0.965658 0.516327 0.573431
0.965997 0.522283 0.578903
0.966317 0.528216 0.584357
0.966619 0.534125 0.589792
0.966903 0.540013 0.595209
0.967168 0.545880 0.600607
0.967416 0.551727 0.605987
0.967644 0.557555 0.611348
0.967855 0.563364 0.616692
0.968046 0.569155 0.622017
0.968220 0.574930 0.627324
0.968374 0.580688 0.632613
0.968510 0.586430 0.637884
0.968627 0.592157 0.643137
0.969703 0.598967 0.648882
0.970756 0.605762 0.654628
0.971785 0.612543 0.660374
0.972790 0.619309 0.666121
0.973772 0.626062 0.671868
0.974729 0.632803 0.677616
0.975663 0.639531 0.683364
0.976573 0.646247 0.689113
0.977458 0.652953 0.694862
0.978319 0.659648 0.700612
0.979156 0.666333 0.706362
0.979968 0.673008 0.712113
0.980756 0.679675 0.717864
0.981518 0.686332 0.723616
0.982256 0.692982 0.729367
0.982969 0.699624 0.735119
0.983657 0.706258 0.740872
0.984320 0.712885 0.746625
0.984957 0.719506 0.752378
0.985568 0.726120 0.758131
0.986154 0.732728 0.763884
0.986715 0.739331 0.769638
0.987249 0.745928 0.775392
0.987758 0.752520 0.781146
0.988240 0.759107 0.786900
0.988696 0.765690 0.792654
0.989125 0.772268 0.798408
0.989528 0.778842 0.804162
0.989904 0.785413 0.809916
0.990254 0.791980 0.815671
0.990576 0.798543 0.821425
0.990871 0.805104 0.827179
0.991138 0.811662 0.832933
0.991379 0.818217 0.838686
0.991591 0.824769 0.844440
0.991776 0.831319 0.850193
0.991933 0.837867 0.855947
0.992061 0.844413 0.861700
0.992161 0.850958 0.867452
0.992233 0.857501 0.873205
0.992276 0.864042 0.878957
0.992290 0.870582 0.884708
0.992275 0.877121 0.890460
0.992231 0.883659 0.896210
0.992157 0.890196 0.901961
