0.015686 0.062745 0.160784
0.016125 0.064762 0.165335
0.016573 0.066783 0.169905
0.017029 0.068809 0.174493
0.017495 0.070840 0.179099
0.017970 0.072876 0.183723
0.018454 0.074916 0.188365
0.018948 0.076961 0.193025
0.019452 0.079011 0.197702
0.019965 0.081065 0.202396
0.020490 0.083124 0.207107
0.021024 0.085187 0.211835
0.021570 0.087255 0.216580
0.022126 0.089328 0.221341
0.022694 0.091404 0.226119
0.023273 0.093485 0.230913
0.023864 0.095571 0.235723
0.024467 0.097661 0.240549
0.025082 0.099755 0.245390
0.025710 0.101853 0.250247
0.026350 0.103955 0.255120
0.027003 0.106062 0.260008
0.027670 0.108173 0.264911
0.028350 0.110288 0.269829
0.029043 0.112407 0.274762
0.029751 0.114529 0.279709
0.030473 0.116656 0.284672
0.031210 0.118787 0.289649
0.031962 0.120922 0.294640
0.032729 0.123061 0.299646
0.033512 0.125204 0.304665
0.034310 0.127350 0.309699
0.035125 0.129500 0.314747
0.035956 0.131654 0.319808
0.036804 0.133812 0.324883
0.037669 0.135974 0.329972
0.038551 0.138139 0.335074
0.039452 0.140308 0.340190
0.040370 0.142480 0.345319
0.041287 0.144657 0.350461
0.042209 0.146836 0.355616
0.043137 0.149020 0.360784
0.044180 0.151567 0.365475
0.045219 0.154121 0.370177
0.046254 0.156682 0.374888
0.047286 0.159249 0.379610
0.048315 0.161824 0.384341
0.049340 0.164406 0.389082
0.050362 0.166994 0.393834
0.051379 0.169589 0.398595
0.052393 0.172191 0.403365
0.053403 0.174799 0.408145
0.054409 0.177414 0.412935
0.055411 0.180036 0.417735
0.056409 0.182665 0.422543
0.057403 0.185300 0.427362
0.058392 0.187941 0.432189
0.059377 0.190589 0.437026
0.060358 0.193244 0.441872
0.061334 0.195904 0.446727
0.062306 0.198572 0.451591
0.063272 0.201246 0.456464
0.064234 0.203926 0.461346
0.065192 0.206612 0.466237
0.066144 0.209305 0.471137
0.067091 0.212004 0.476045
0.068034 0.214709 0.480962
0.068971 0.217421 0.485888
0.069902 0.220138 0.490823
0.070829 0.222862 0.495766
0.071750 0.225592 0.500718
0.072666 0.228328 0.505678
0.073576 0.231071 0.510647
0.074480 0.233819 0.515623
0.075379 0.236573 0.520609
0.076272 0.239334 0.525602
0.077159 0.242100 0.530604
0.078040 0.244873 0.535614
0.078915 0.247651 0.540632
0.079784 0.250435 0.545658
0.080647 0.253225 0.550692
0.081503 0.256022 0.555734
0.082353 0.258824 0.560784
0.083807 0.261868 0.565714
0.085261 0.264919 0.570651
0.086714 0.267975 0.575596
0.088166 0.271037 0.580548
0.089618 0.274104 0.585507
0.091069 0.277178 0.590473
0.092520 0.280257 0.595447
0.093969 0.283342 0.600428
0.095418 0.286433 0.605416
0.096866 0.289529 0.610411
0.098313 0.292631 0.615414
0.099760 0.295739 0.620423
0.101205 0.298852 0.625440
0.102649 0.301971 0.630463
0.104093 0.305095 0.635494
0.105535 0.308225 0.640531
0.106976 0.311361 0.645576
0.108417 0.314502 0.650627
0.109856 0.317648 0.655685
0.111294 0.320801 0.660750
0.112731 0.323958 0.665821
0.114166 0.327121 0.670899
0.115601 0.330290 0.675984
0.117034 0.333464 0.681076
0.118466 0.336643 0.686175
0.119896 0.339828 0.691279
0.121326 0.343018 0.696391
0.122753 0.346213 0.701509
0.124180 0.349414 0.706634
0.125605 0.352620 0.711765
0.127028 0.355832 0.716902
0.128450 0.359048 0.722046
0.129871 0.362270 0.727197
0.131290 0.365498 0.732354
0.132707 0.368730 0.737517
0.134123 0.371968 0.742686
0.135537 0.375211 0.747862
0.136950 0.378459 0.753044
0.138360 0.381713 0.758232
0.139769 0.384972 0.763427
0.141177 0.388235 0.768627
0.144871 0.392053 0.772051
0.148556 0.395870 0.775475
0.152232 0.399686 0.778901
0.155901 0.403503 0.782327
0.159563 0.407319 0.785754
0.163218 0.411135 0.789182
0.166868 0.414951 0.792612
0.170513 0.418767 0.796042
0.174154 0.422583 0.799473
0.177790 0.426399 0.802905
0.181423 0.430215 0.806339
0.185053 0.434032 0.809773
0.188680 0.437849 0.813208
0.192304 0.441667 0.816644
0.195927 0.445485 0.820081
0.199548 0.449304 0.823520
0.203168 0.453123 0.826959
0.206786 0.456943 0.830399
0.210404 0.460764 0.833840
0.214021 0.464586 0.837282
0.217638 0.468408 0.840726
0.221255 0.472231 0.844170
0.224873 0.476056 0.847615
0.228490 0.479881 0.851061
0.232108 0.483707 0.854508
0.235727 0.487534 0.857957
0.239347 0.491363 0.861406
0.242967 0.495193 0.864856
0.246589 0.499023 0.868308
0.250213 0.502855 0.871760
0.253838 0.506689 0.875213
0.257464 0.510523 0.878668
0.261093 0.514359 0.882123
0.264723 0.518197 0.885580
0.268355 0.522035 0.889037
0.271989 0.525875 0.892496
0.275626 0.529717 0.895955
0.279265 0.533560 0.899416
0.282906 0.537404 0.902877
0.286550 0.541250 0.906340
0.290196 0.545098 0.909804
0.296747 0.549377 0.910706
0.303271 0.553645 0.911602
0.309770 0.557902 0.912491
0.316246 0.562149 0.913373
0.322700 0.566387 0.914249
0.329134 0.570614 0.915118
0.335550 0.574832 0.915980
0.341949 0.579041 0.916836
0.348333 0.583240 0.917684
0.354702 0.587431 0.918526
0.361057 0.591612 0.919362
0.367401 0.595785 0.920190
0.373733 0.599950 0.921012
0.380055 0.604107 0.921826
0.386367 0.608255 0.922634
0.392670 0.612395 0.923435
0.398966 0.616528 0.924229
0.405254 0.620653 0.925017
0.411536 0.624771 0.925797
0.417811 0.628881 0.926570
0.424081 0.632985 0.927337
0.430347 0.637081 0.928096
0.436608 0.641170 0.928849
0.442865 0.645253 0.929594
0.449118 0.649328 0.930333
0.455369 0.653398 0.931064
0.461617 0.657461 0.931788
0.467864 0.661517 0.932505
0.474108 0.665568 0.933216
0.480351 0.669612 0.933919
0.486593 0.673650 0.934614
0.492834 0.677683 0.935303
0.499075 0.681709 0.935985
0.505316 0.685730 0.936659
0.511557 0.689746 0.937326
0.517798 0.693756 0.937986
0.524040 0.697760 0.938639
0.530283 0.701759 0.939284
0.536527 0.705753 0.939922
0.542773 0.709742 0.940553
0.549020 0.713725 0.941176
0.555438 0.718212 0.942196
0.561869 0.722693 0.943208
0.568314 0.727166 0.944214
0.574773 0.731633 0.945213
0.581245 0.736094 0.946205
0.587730 0.740548 0.947190
0.594229 0.744996 0.948168
0.600741 0.749437 0.949139
0.607267 0.753873 0.950104
0.613806 0.758302 0.951061
0.620359 0.762725 0.952012
0.626925 0.767142 0.952956
0.633504 0.771553 0.953893
0.640096 0.775958 0.954824
0.646702 0.780357 0.955748
0.653321 0.784751 0.956665
0.659953 0.789138 0.957575
0.666599 0.793520 0.958479
0.673258 0.797896 0.959376
0.679930 0.802267 0.960266
0.686615 0.806632 0.961149
0.693314 0.810991 0.962026
0.700026 0.815345 0.962896
0.706750 0.819693 0.963760
0.713488 0.824036 0.964617
0.720239 0.828374 0.965467
0.727004 0.832706 0.966311
0.733781 0.837033 0.967148
0.740571 0.841355 0.967979
0.747375 0.845671 0.968803
0.754191 0.849982 0.969621
0.761021 0.854288 0.970432
0.767863 0.858589 0.971237
0.774719 0.862884 0.972035
0.781587 0.867175 0.972827
0.788468 0.871460 0.973612
0.795363 0.875741 0.974391
0.802270 0.880016 0.975163
0.809190 0.884286 0.975929
0.816123 0.888551 0.976689
0.823069 0.892812 0.977442
0.830028 0.897067 0.978189
0.836999 0.901318 0.978930
0.843983 0.905563 0.979664
0.850980 0.909804 0.980392
