0.909804 0.960784 0.913725
0.904646 0.959888 0.907071
0.899681 0.958937 0.900230
0.894914 0.957930 0.893205
0.890350 0.956866 0.885999
0.885994 0.955743 0.878614
0.881849 0.954560 0.871052
0.877919 0.953316 0.863316
0.874209 0.952008 0.855408
0.870722 0.950637 0.847330
0.867461 0.949199 0.839086
0.864429 0.947695 0.830677
0.861629 0.946122 0.822106
0.859063 0.944480 0.813375
0.856733 0.942767 0.804487
0.854640 0.940982 0.795445
0.852787 0.939124 0.786250
0.851173 0.937192 0.776906
0.849799 0.935184 0.767414
0.848666 0.933099 0.757778
0.847773 0.930937 0.747998
0.847120 0.928696 0.738078
0.846705 0.926374 0.728020
0.846527 0.923973 0.717826
0.846585 0.921489 0.707498
0.846875 0.918922 0.697037
0.847396 0.916271 0.686446
0.848145 0.913536 0.675726
0.849118 0.910715 0.664879
0.850313 0.907808 0.653907
0.851724 0.904814 0.642809
0.853348 0.901731 0.631589
0.855181 0.898559 0.620245
0.857218 0.895298 0.608780
0.859453 0.891947 0.597193
0.861883 0.888504 0.585484
0.864500 0.884969 0.573653
0.867301 0.881343 0.561699
0.870279 0.877623 0.549621
0.873428 0.873809 0.537418
0.876743 0.869901 0.525088
0.880217 0.865899 0.512627
0.883844 0.861801 0.500032
0.887618 0.857607 0.487300
0.891532 0.853317 0.474425
0.895581 0.848929 0.461401
0.899758 0.844445 0.448221
0.904057 0.839863 0.434876
0.908471 0.835183 0.421355
0.912994 0.830404 0.407647
0.917619 0.825526 0.393736
0.922341 0.820549 0.379605
0.927153 0.815472 0.365234
0.932049 0.810294 0.350596
0.937022 0.805017 0.335661
0.942067 0.799638 0.320392
0.947178 0.794159 0.304741
0.952349 0.788578 0.288651
0.957574 0.782895 0.272049
0.962848 0.777110 0.254837
0.968164 0.771222 0.236889
0.973517 0.765232 0.218031
0.978902 0.759138 0.198015
0.984314 0.752941 0.176470
0.983781 0.745463 0.165101
0.983205 0.737974 0.153449
0.982584 0.730475 0.141446
0.981919 0.722966 0.129004
0.981209 0.715448 0.116000
0.980452 0.707920 0.102257
0.979648 0.700383 0.087499
0.978797 0.692837 0.071273
0.977898 0.685283 0.052720
0.976950 0.677719 0.030471
0.975952 0.670148 0.008339
0.974290 0.662854 0.000000
0.972189 0.655747 0.000000
0.970057 0.648641 0.000000
0.967895 0.641536 0.000000
0.965705 0.634430 0.000000
0.963489 0.627322 0.000000
0.961248 0.620210 0.000000
0.958983 0.613094 0.000000
0.956697 0.605970 0.000000
0.954390 0.598839 0.000000
0.952065 0.591698 0.000000
0.949723 0.584546 0.000000
0.947365 0.577381 0.000000
0.944993 0.570200 0.000000
0.942608 0.563003 0.000000
0.940213 0.555787 0.000000
0.937808 0.548550 0.000000
0.935396 0.541289 0.000000
0.932978 0.534002 0.000000
0.930555 0.526686 0.000000
0.928129 0.519339 0.000000
0.925702 0.511958 0.000000
0.923276 0.504538 0.000000
0.920853 0.497078 0.000000
0.918433 0.489573 0.000000
0.916020 0.482018 0.000000
0.913615 0.474411 0.000000
0.911219 0.466746 0.000000
0.908836 0.459017 0.000000
0.906466 0.451220 0.000000
0.904113 0.443349 0.000000
0.901778 0.435397 0.000000
0.899464 0.427356 0.000000
0.897173 0.419219 0.000000
0.894907 0.410977 0.000000
0.892670 0.402620 0.000000
0.890464 0.394138 0.000000
0.888291 0.385518 0.000000
0.886156 0.376747 0.000000
0.884061 0.367810 0.000000
0.882009 0.358689 0.000000
0.880004 0.349365 0.000000
0.878050 0.339815 0.000000
0.876150 0.330014 0.000000
0.873697 0.320651 0.004288
0.870070 0.312520 0.016859
0.866384 0.304350 0.029672
0.862638 0.296136 0.042639
0.858832 0.287874 0.054278
0.854967 0.279559 0.064542
0.851043 0.271185 0.073821
0.847059 0.262745 0.082353
0.841588 0.253337 0.119464
0.835760 0.244246 0.148395
0.829584 0.235489 0.172887
0.823067 0.227079 0.194509
0.816216 0.219030 0.214087
0.809042 0.211356 0.232118
0.801551 0.204069 0.248924
0.793752 0.197179 0.264727
0.785654 0.190695 0.279687
0.777265 0.184626 0.293921
0.768595 0.178975 0.307520
0.759651 0.173744 0.320553
0.750444 0.168934 0.333074
0.740981 0.164540 0.345125
0.731272 0.160555 0.356741
0.721326 0.156968 0.367948
0.711152 0.153767 0.378768
0.700759 0.150934 0.389218
0.690156 0.148452 0.399311
0.679352 0.146297 0.409057
0.668355 0.144447 0.418464
0.657176 0.142877 0.427537
0.645823 0.141563 0.436281
0.634304 0.140477 0.444697
0.622629 0.139596 0.452787
0.610806 0.138893 0.460550
0.598843 0.138345 0.467986
0.586748 0.137930 0.475093
0.574530 0.137627 0.481868
0.562197 0.137415 0.488309
0.549756 0.137278 0.494412
0.537214 0.137199 0.500174
0.524579 0.137165 0.505592
0.511857 0.137164 0.510661
0.499055 0.137185 0.515377
0.486178 0.137219 0.519737
0.473233 0.137260 0.523736
0.460223 0.137302 0.527370
0.447155 0.137340 0.530636
0.434031 0.137371 0.533530
0.420855 0.137394 0.536049
0.407630 0.137406 0.538190
0.394357 0.137408 0.539949
0.381038 0.137401 0.541325
0.367672 0.137384 0.542314
0.354258 0.137360 0.542915
0.340794 0.137330 0.543128
0.327275 0.137296 0.542949
0.313696 0.137260 0.542380
0.300048 0.137224 0.541420
0.286320 0.137190 0.540069
0.272500 0.137160 0.538327
0.258568 0.137136 0.536197
0.244504 0.137118 0.533679
0.230277 0.137107 0.530776
0.215850 0.137105 0.527491
0.201177 0.137111 0.523826
0.186192 0.137125 0.519786
0.170811 0.137145 0.515375
0.154916 0.137170 0.510597
0.138338 0.137199 0.505458
0.120823 0.137228 0.499962
0.101961 0.137255 0.494118
0.093341 0.156439 0.503115
0.083382 0.174814 0.511749
0.071788 0.192576 0.520027
0.058052 0.209855 0.527957
0.041165 0.226739 0.535548
0.021614 0.243294 0.542809
0.002310 0.259563 0.549751
0.000000 0.276742 0.549435
0.000000 0.293067 0.550169
0.000000 0.308689 0.552456
0.000000 0.323837 0.555882
0.000000 0.338657 0.560171
0.000000 0.353245 0.565128
0.000000 0.367669 0.570607
0.000000 0.381978 0.576499
0.000000 0.396210 0.582718
0.000000 0.410392 0.589194
0.000000 0.424545 0.595871
0.000000 0.438687 0.602700
0.000000 0.452831 0.609642
0.000000 0.466988 0.616661
0.000000 0.481167 0.623726
0.033269 0.494813 0.627816
0.070701 0.508250 0.631406
0.100836 0.521552 0.634948
0.127759 0.534720 0.638460
0.152936 0.547756 0.641962
0.177044 0.560661 0.645472
0.200455 0.573439 0.649010
0.223390 0.586090 0.652597
0.245989 0.598617 0.656251
0.268346 0.611024 0.659993
0.290525 0.623312 0.663843
0.312570 0.635485 0.667821
0.334510 0.647546 0.671946
0.356366 0.659500 0.676240
0.378153 0.671349 0.680721
0.399878 0.683098 0.685409
0.421546 0.694751 0.690324
0.443159 0.706313 0.695483
0.464714 0.717788 0.700906
0.486210 0.729183 0.706610
0.507641 0.740501 0.712613
0.529002 0.751749 0.718930
0.550286 0.762933 0.725579
0.571486 0.774058 0.732573
0.592593 0.785131 0.739927
0.613599 0.796158 0.747655
0.634493 0.807146 0.755767
0.655268 0.818101 0.764275
0.675913 0.829030 0.773189
0.696417 0.839940 0.782518
0.716772 0.850839 0.792269
0.736966 0.861733 0.802447
0.756989 0.872630 0.813059
0.776832 0.883537 0.824108
0.796483 0.894461 0.835596
0.815932 0.905410 0.847525
0.835170 0.916391 0.859893
0.854186 0.927412 0.872701
0.872970 0.938479 0.885945
0.891512 0.949601 0.899621
0.909804 0.960784 0.913725
