0.070588 0.101961 0.129412
0.072645 0.104706 0.132768
0.074709 0.107460 0.136136
0.076780 0.110223 0.139516
0.078857 0.112995 0.142908
0.080941 0.115777 0.146312
0.083032 0.118567 0.149727
0.085129 0.121366 0.153154
0.087233 0.124174 0.156592
0.089343 0.126991 0.160042
0.091459 0.129817 0.163502
0.093582 0.132650 0.166974
0.095711 0.135493 0.170457
0.097846 0.138343 0.173951
0.099988 0.141202 0.177455
0.102135 0.144070 0.180970
0.104289 0.146945 0.184496
0.106449 0.149828 0.188032
0.108615 0.152720 0.191579
0.110787 0.155619 0.195136
0.112965 0.158526 0.198703
0.115148 0.161441 0.202281
0.117338 0.164364 0.205868
0.119533 0.167295 0.209466
0.121735 0.170233 0.213073
0.123942 0.173178 0.216690
0.126154 0.176132 0.220317
0.128373 0.179092 0.223954
0.130597 0.182060 0.227600
0.132827 0.185035 0.231256
0.135062 0.188018 0.234921
0.137303 0.191007 0.238596
0.139549 0.194004 0.242280
0.141801 0.197008 0.245973
0.144058 0.200019 0.249676
0.146321 0.203037 0.253387
0.148589 0.206062 0.257108
0.150862 0.209094 0.260838
0.153141 0.212133 0.264576
0.155425 0.215178 0.268324
0.157715 0.218231 0.272080
0.160009 0.221290 0.275845
0.162309 0.224355 0.279619
0.164614 0.227427 0.283401
0.166924 0.230506 0.287192
0.169240 0.233591 0.290992
0.171560 0.236683 0.294800
0.173885 0.239781 0.298616
0.176216 0.242886 0.302441
0.178552 0.245997 0.306274
0.180892 0.249114 0.310116
0.183238 0.252238 0.313965
0.185588 0.255368 0.317823
0.187944 0.258504 0.321689
0.190304 0.261646 0.325563
0.192669 0.264794 0.329445
0.195040 0.267949 0.333335
0.197415 0.271109 0.337233
0.199794 0.274275 0.341139
0.202179 0.277448 0.345052
0.204568 0.280626 0.348974
0.206962 0.283810 0.352903
0.209361 0.287000 0.356840
0.211765 0.290196 0.360784
0.221767 0.299790 0.369416
0.231832 0.309424 0.378077
0.241960 0.319098 0.386766
0.252152 0.328811 0.395483
0.262405 0.338563 0.404230
0.272721 0.348353 0.413004
0.283099 0.358182 0.421808
0.293538 0.368047 0.430639
0.304038 0.377949 0.439500
0.314599 0.387888 0.448388
0.325219 0.397863 0.457306
0.335899 0.407872 0.466252
0.346639 0.417917 0.475226
0.357436 0.427997 0.484229
0.368292 0.438110 0.493261
0.379205 0.448257 0.502321
0.390175 0.458437 0.511409
0.401202 0.468650 0.520526
0.412285 0.478896 0.529672
0.423424 0.489173 0.538846
0.434618 0.499482 0.548049
0.445867 0.509822 0.557281
0.457170 0.520193 0.566541
0.468526 0.530595 0.575830
0.479936 0.541026 0.585147
0.491399 0.551488 0.594494
0.502914 0.561979 0.603868
0.514482 0.572499 0.613272
0.526101 0.583047 0.622705
0.537771 0.593624 0.632166
0.549491 0.604230 0.641656
0.561262 0.614863 0.651175
0.573083 0.625523 0.660722
0.584953 0.636211 0.670299
0.596872 0.646926 0.679905
0.608840 0.657668 0.689539
0.620857 0.668435 0.699203
0.632921 0.679229 0.708895
0.645032 0.690049 0.718617
0.657191 0.700894 0.728368
0.669396 0.711765 0.738148
0.681648 0.722661 0.747957
0.693945 0.733581 0.757796
0.706289 0.744526 0.767663
0.718677 0.755496 0.777560
0.731110 0.766489 0.787487
0.743588 0.777507 0.797443
0.756111 0.788548 0.807428
0.768677 0.799612 0.817443
0.781286 0.810700 0.827488
0.793939 0.821811 0.837562
0.806634 0.832944 0.847666
0.819372 0.844100 0.857800
0.832152 0.855279 0.867963
0.844974 0.866480 0.878156
0.857838 0.877702 0.888380
0.870743 0.888947 0.898633
0.883688 0.900213 0.908916
0.896675 0.911501 0.919229
0.909701 0.922810 0.929573
0.922768 0.934140 0.939946
0.935874 0.945491 0.950350
0.949020 0.956863 0.960784
0.935653 0.950538 0.958818
0.922640 0.944019 0.957200
0.910027 0.937299 0.955885
0.897858 0.930369 0.954827
0.886175 0.923224 0.953977
0.875021 0.915858 0.953288
0.864432 0.908267 0.952711
0.854443 0.900447 0.952197
0.845086 0.892397 0.951697
0.836387 0.884117 0.951164
0.828368 0.875605 0.950549
0.821048 0.866864 0.949806
0.814437 0.857896 0.948887
0.808544 0.848704 0.947748
0.803370 0.839292 0.946344
0.798909 0.829666 0.944632
0.795153 0.819832 0.942570
0.792086 0.809797 0.940119
0.789688 0.799569 0.937240
0.787933 0.789156 0.933897
0.786792 0.778569 0.930053
0.786232 0.767817 0.925678
0.786215 0.756911 0.920739
0.786703 0.745863 0.915208
0.787652 0.734684 0.909059
0.789020 0.723386 0.902267
0.790762 0.711982 0.894811
0.792831 0.700486 0.886670
0.795183 0.688909 0.877829
0.797770 0.677266 0.868272
0.800547 0.665571 0.857987
0.803470 0.653836 0.846964
0.806495 0.642075 0.835198
0.809579 0.630303 0.822681
0.812680 0.618533 0.809413
0.815759 0.606779 0.795394
0.818776 0.595054 0.780625
0.821696 0.583373 0.765110
0.824482 0.571748 0.748857
0.827099 0.560195 0.731872
0.829516 0.548726 0.714166
0.831700 0.537356 0.695750
0.833622 0.526100 0.676636
0.835254 0.514971 0.656835
0.836567 0.503987 0.636361
0.837535 0.493161 0.615225
0.838133 0.482511 0.593440
0.838337 0.472054 0.571014
0.838124 0.461808 0.547953
0.837471 0.451793 0.524259
0.836357 0.442028 0.499928
0.834762 0.432534 0.474946
0.832666 0.423335 0.449290
0.830050 0.414454 0.422917
0.826896 0.405914 0.395763
0.823187 0.397742 0.367731
0.818906 0.389963 0.338674
0.814038 0.382602 0.308368
0.808568 0.375686 0.276463
0.802481 0.369240 0.242389
0.795765 0.363286 0.205138
0.788406 0.357847 0.162685
0.780392 0.352941 0.109804
0.771760 0.348869 0.108047
0.763147 0.344805 0.106298
0.754552 0.340748 0.104559
0.745975 0.336699 0.102827
0.737418 0.332657 0.101105
0.728879 0.328623 0.099391
0.720360 0.324597 0.097686
0.711859 0.320579 0.095990
0.703378 0.316568 0.094302
0.694917 0.312565 0.092623
0.686475 0.308571 0.090952
0.678052 0.304584 0.089290
0.669649 0.300605 0.087637
0.661267 0.296635 0.085992
0.652904 0.292672 0.084356
0.644561 0.288718 0.082728
0.636239 0.284773 0.081109
0.627938 0.280835 0.079499
0.619657 0.276907 0.077897
0.611396 0.272986 0.076304
0.603157 0.269075 0.074719
0.594938 0.265172 0.073143
0.586741 0.261277 0.071575
0.578566 0.257392 0.070016
0.570411 0.253516 0.068466
0.562279 0.249648 0.066924
0.554168 0.245790 0.065390
0.546079 0.241940 0.063865
0.538013 0.238100 0.062348
0.529969 0.234270 0.060839
0.521947 0.230448 0.059339
0.513948 0.226636 0.057848
0.505972 0.222834 0.056365
0.498019 0.219041 0.054890
0.490089 0.215258 0.053423
0.482183 0.211485 0.051965
0.474301 0.207722 0.050515
0.466442 0.203969 0.049073
0.458607 0.200226 0.047639
0.450797 0.196493 0.046214
0.443011 0.192771 0.044796
0.435250 0.189059 0.043387
0.427514 0.185357 0.041986
0.419803 0.181666 0.040593
0.412118 0.177986 0.039198
0.404458 0.174317 0.037837
0.396824 0.170659 0.036511
0.389216 0.167012 0.035220
0.381635 0.163376 0.033964
0.374080 0.159751 0.032741
0.366552 0.156138 0.031551
0.359052 0.152536 0.030393
0.351579 0.148947 0.029267
0.344134 0.145369 0.028171
0.336717 0.141803 0.027106
0.329328 0.138249 0.026071
0.321968 0.134707 0.025065
0.314637 0.131178 0.024088
0.307336 0.127662 0.023138
0.300064 0.124158 0.022216
0.292823 0.120668 0.021320
0.285612 0.117190 0.020451
0.278431 0.113725 0.019608
