0.117647 0.227451 0.372549
0.122057 0.233181 0.379194
0.126482 0.238932 0.385857
0.130921 0.244703 0.392536
0.135375 0.250494 0.399232
0.139843 0.256305 0.405946
0.144325 0.262136 0.412676
0.148822 0.267987 0.419422
0.153333 0.273857 0.426185
0.157857 0.279747 0.432963
0.162396 0.285656 0.439758
0.166948 0.291585 0.446569
0.171513 0.297532 0.453396
0.176092 0.303499 0.460238
0.180685 0.309484 0.467096
0.185290 0.315488 0.473968
0.189908 0.321511 0.480857
0.194540 0.327552 0.487760
0.199184 0.333611 0.494678
0.203841 0.339689 0.501611
0.208510 0.345785 0.508559
0.213192 0.351898 0.515521
0.217886 0.358030 0.522498
0.222592 0.364179 0.529489
0.227310 0.370346 0.536494
0.232040 0.376531 0.543513
0.236782 0.382733 0.550546
0.241535 0.388952 0.557593
0.246300 0.395188 0.564654
0.251077 0.401441 0.571728
0.255865 0.407712 0.578816
0.260664 0.413999 0.585917
0.265474 0.420303 0.593031
0.270296 0.426624 0.600159
0.275128 0.432961 0.607300
0.279971 0.439314 0.614453
0.284825 0.445684 0.621620
0.289690 0.452071 0.628799
0.294565 0.458473 0.635990
0.299450 0.464892 0.643195
0.304346 0.471326 0.650411
0.309252 0.477776 0.657640
0.314168 0.484243 0.664882
0.319094 0.490724 0.672135
0.324031 0.497222 0.679401
0.328977 0.503735 0.686678
0.333933 0.510263 0.693967
0.338899 0.516807 0.701268
0.343874 0.523366 0.708581
0.348859 0.529940 0.715905
0.353853 0.536530 0.723240
0.358857 0.543134 0.730587
0.363870 0.549753 0.737946
0.368892 0.556387 0.745315
0.373924 0.563036 0.752696
0.378964 0.569700 0.760088
0.384014 0.576378 0.767490
0.389073 0.583071 0.774904
0.394140 0.589778 0.782328
0.399216 0.596500 0.789763
0.404301 0.603236 0.797208
0.409395 0.609986 0.804664
0.414497 0.616751 0.812131
0.419608 0.623529 0.819608
0.418153 0.631527 0.818999
0.417289 0.639397 0.818141
0.417044 0.647137 0.817053
0.417440 0.654745 0.815750
0.418496 0.662218 0.814250
0.420224 0.669554 0.812573
0.422631 0.676752 0.810735
0.425720 0.683810 0.808755
0.429486 0.690727 0.806653
0.433920 0.697504 0.804445
0.439008 0.704140 0.802153
0.444731 0.710634 0.799794
0.451065 0.716988 0.797387
0.457984 0.723201 0.794953
0.465459 0.729276 0.792509
0.473457 0.735214 0.790074
0.481946 0.741016 0.787669
0.490891 0.746685 0.785311
0.500256 0.752223 0.783019
0.510007 0.757632 0.780812
0.520108 0.762917 0.778708
0.530524 0.768079 0.776725
0.541222 0.773123 0.774880
0.552169 0.778053 0.773191
0.563331 0.782873 0.771675
0.574679 0.787587 0.770349
0.586183 0.792200 0.769226
0.597814 0.796717 0.768324
0.609546 0.801144 0.767657
0.621351 0.805484 0.767238
0.633206 0.809745 0.767081
0.645086 0.813931 0.767198
0.656970 0.818049 0.767600
0.668837 0.822105 0.768298
0.680665 0.826105 0.769302
0.692437 0.830055 0.770619
0.704133 0.833962 0.772258
0.715736 0.837832 0.774224
0.727231 0.841672 0.776524
0.738601 0.845488 0.779161
0.749833 0.849288 0.782138
0.760912 0.853077 0.785457
0.771825 0.856863 0.789118
0.782561 0.860651 0.793122
0.793106 0.864450 0.797465
0.803451 0.868264 0.802145
0.813586 0.872101 0.807159
0.823500 0.875967 0.812500
0.833185 0.879868 0.818163
0.842633 0.883810 0.824140
0.851835 0.887799 0.830424
0.860786 0.891840 0.837003
0.869478 0.895940 0.843870
0.877905 0.900103 0.851011
0.886063 0.904335 0.858416
0.893946 0.908640 0.866072
0.901551 0.913023 0.873966
0.908874 0.917488 0.882083
0.915912 0.922039 0.890409
0.922662 0.926680 0.898928
0.929124 0.931415 0.907626
0.935296 0.936246 0.916485
0.941176 0.941176 0.925490
0.935825 0.935180 0.913719
0.930731 0.929096 0.901889
0.925892 0.922925 0.890008
0.921304 0.916666 0.878085
0.916962 0.910317 0.866128
0.912862 0.903880 0.854147
0.908999 0.897354 0.842150
0.905367 0.890739 0.830145
0.901959 0.884034 0.818142
0.898769 0.877240 0.806150
0.895790 0.870357 0.794178
0.893014 0.863385 0.782235
0.890435 0.856324 0.770330
0.888043 0.849175 0.758472
0.885831 0.841939 0.746670
0.883790 0.834615 0.734935
0.881910 0.827205 0.723275
0.880184 0.819710 0.711699
0.878602 0.812129 0.700217
0.877155 0.804465 0.688840
0.875833 0.796717 0.677575
0.874627 0.788888 0.666433
0.873527 0.780977 0.655423
0.872523 0.772988 0.644556
0.871607 0.764920 0.633840
0.870768 0.756775 0.623286
0.869997 0.748554 0.612903
0.869285 0.740260 0.602700
0.868622 0.731894 0.592689
0.867999 0.723457 0.582877
0.867407 0.714951 0.573276
0.866837 0.706378 0.563894
0.866280 0.697739 0.554741
0.865727 0.689038 0.545826
0.865169 0.680275 0.537159
0.864600 0.671453 0.528749
0.864009 0.662573 0.520604
0.863390 0.653639 0.512733
0.862734 0.644652 0.505144
0.862034 0.635615 0.497846
0.861283 0.626529 0.490846
0.860473 0.617398 0.484151
0.859598 0.608223 0.477767
0.858651 0.599007 0.471702
0.857625 0.589753 0.465960
0.856514 0.580463 0.460546
0.855312 0.571139 0.455465
0.854014 0.561785 0.450719
0.852613 0.552403 0.446312
0.851104 0.542995 0.442246
0.849482 0.533565 0.438520
0.847742 0.524114 0.435136
0.845880 0.514646 0.432092
0.843890 0.505164 0.429388
0.841769 0.495669 0.427019
0.839512 0.486166 0.424984
0.837115 0.476656 0.423277
0.834575 0.467142 0.421894
0.831888 0.457627 0.420829
0.829051 0.448113 0.420075
0.826060 0.438604 0.419625
0.822914 0.429101 0.419472
0.819608 0.419608 0.419608
0.812090 0.414518 0.414381
0.804585 0.409438 0.409168
0.797092 0.404367 0.403967
0.789611 0.399305 0.398779
0.782142 0.394253 0.393604
0.774686 0.389210 0.388441
0.767242 0.384176 0.383292
0.759811 0.379152 0.378156
0.752392 0.374137 0.373033
0.744986 0.369132 0.367923
0.737593 0.364137 0.362827
0.730212 0.359151 0.357744
0.722845 0.354174 0.352674
0.715490 0.349207 0.347617
0.708148 0.344250 0.342574
0.700819 0.339303 0.337545
0.693504 0.334365 0.332529
0.686201 0.329437 0.327526
0.678912 0.324519 0.322538
0.671636 0.319611 0.317563
0.664374 0.314712 0.312602
0.657125 0.309824 0.307655
0.649890 0.304945 0.302722
0.642668 0.300076 0.297803
0.635460 0.295218 0.292899
0.628266 0.290369 0.288008
0.621085 0.285530 0.283132
0.613919 0.280701 0.278270
0.606766 0.275882 0.273422
0.599628 0.271073 0.268589
0.592504 0.266274 0.263770
0.585394 0.261485 0.258966
0.578298 0.256706 0.254176
0.571217 0.251938 0.249402
0.564150 0.247179 0.244642
0.557098 0.242430 0.239897
0.550061 0.237691 0.235166
0.543038 0.232962 0.230451
0.536030 0.228242 0.225751
0.529037 0.223533 0.221067
0.522060 0.218834 0.216397
0.515097 0.214144 0.211743
0.508149 0.209464 0.207104
0.501217 0.204793 0.202480
0.494300 0.200132 0.197873
0.487399 0.195480 0.193280
0.480514 0.190838 0.188704
0.473644 0.186205 0.184143
0.466789 0.181581 0.179597
0.459951 0.176966 0.175068
0.453129 0.172359 0.170555
0.446323 0.167761 0.166057
0.439533 0.163171 0.161575
0.432759 0.158589 0.157110
0.426002 0.154015 0.152661
0.419261 0.149448 0.148227
0.412537 0.144888 0.143810
0.405830 0.140334 0.139409
0.399140 0.135787 0.135024
0.392466 0.131245 0.130656
0.385810 0.126708 0.126303
0.379171 0.122176 0.121967
0.372549 0.117647 0.117647
