0.035294 0.129412 0.180392
0.036197 0.132546 0.183829
0.037102 0.135694 0.187265
0.038008 0.138856 0.190702
0.038917 0.142030 0.194139
0.039827 0.145217 0.197575
0.040732 0.148418 0.201011
0.041619 0.151631 0.204445
0.042495 0.154857 0.207878
0.043360 0.158095 0.211310
0.044214 0.161346 0.214740
0.045057 0.164609 0.218168
0.045890 0.167885 0.221594
0.046713 0.171173 0.225018
0.047526 0.174473 0.228438
0.048328 0.177785 0.231856
0.049121 0.181109 0.235271
0.049903 0.184444 0.238682
0.050677 0.187792 0.242089
0.051441 0.191151 0.245493
0.052197 0.194521 0.248892
0.052943 0.197903 0.252288
0.053681 0.201296 0.255678
0.054411 0.204701 0.259064
0.055133 0.208116 0.262445
0.055848 0.211543 0.265820
0.056555 0.214981 0.269190
0.057256 0.218429 0.272555
0.057950 0.221888 0.275913
0.058637 0.225358 0.279266
0.059320 0.228839 0.282612
0.059996 0.232330 0.285952
0.060668 0.235831 0.289285
0.061336 0.239343 0.292611
0.062000 0.242864 0.295930
0.062660 0.246396 0.299241
0.063317 0.249938 0.302545
0.063972 0.253490 0.305842
0.064625 0.257052 0.309130
0.065277 0.260623 0.312411
0.065928 0.264204 0.315683
0.066579 0.267795 0.318946
0.067231 0.271395 0.322201
0.067884 0.275005 0.325447
0.068539 0.278623 0.328684
0.069196 0.282251 0.331912
0.069857 0.285888 0.335131
0.070522 0.289534 0.338339
0.071191 0.293189 0.341538
0.071866 0.296853 0.344727
0.072547 0.300526 0.347906
0.073235 0.304207 0.351075
0.073931 0.307896 0.354233
0.074636 0.311594 0.357381
0.075351 0.315301 0.360518
0.076075 0.319016 0.363643
0.076811 0.322739 0.366758
0.077560 0.326469 0.369861
0.078321 0.330208 0.372953
0.079096 0.333955 0.376034
0.079886 0.337710 0.379102
0.080691 0.341472 0.382159
0.081513 0.345242 0.385203
0.082353 0.349020 0.388235
0.078862 0.353659 0.391006
0.075222 0.358310 0.393697
0.071427 0.362971 0.396307
0.067474 0.367642 0.398835
0.063354 0.372321 0.401281
0.059062 0.377009 0.403642
0.054589 0.381704 0.405920
0.049924 0.386406 0.408111
0.045057 0.391113 0.410216
0.039966 0.395826 0.412234
0.034803 0.400543 0.414164
0.029830 0.405263 0.416006
0.025076 0.409986 0.417757
0.020568 0.414711 0.419418
0.016334 0.419437 0.420989
0.012403 0.424164 0.422467
0.008808 0.428890 0.423853
0.005579 0.433615 0.425147
0.002748 0.438338 0.426346
0.000349 0.443057 0.427452
0.000000 0.447718 0.428420
0.000000 0.452380 0.429303
0.000000 0.457055 0.430110
0.000000 0.461744 0.430836
0.000000 0.466447 0.431478
0.000000 0.471165 0.432031
0.000000 0.475898 0.432493
0.001058 0.480608 0.432844
0.004216 0.485264 0.433080
0.008195 0.489908 0.433217
0.013038 0.494540 0.433255
0.018791 0.499159 0.433193
0.025499 0.503764 0.433032
0.033210 0.508354 0.432770
0.041929 0.512929 0.432408
0.050837 0.517487 0.431945
0.059681 0.522028 0.431382
0.068486 0.526551 0.430717
0.077271 0.531054 0.429951
0.086051 0.535539 0.429082
0.094838 0.540002 0.428112
0.103639 0.544444 0.427040
0.112462 0.548864 0.425865
0.121312 0.553261 0.424588
0.130195 0.557634 0.423207
0.139113 0.561982 0.421723
0.148071 0.566305 0.420136
0.157071 0.570601 0.418445
0.166115 0.574870 0.416650
0.175205 0.579112 0.414750
0.184343 0.583325 0.412746
0.193530 0.587508 0.410637
0.202767 0.591661 0.408423
0.212056 0.595784 0.406103
0.221396 0.599874 0.403677
0.230789 0.603933 0.401145
0.240234 0.607958 0.398505
0.249734 0.611949 0.395759
0.259287 0.615906 0.392904
0.268894 0.619827 0.389940
0.278555 0.623712 0.386868
0.288270 0.627561 0.383685
0.298039 0.631373 0.380392
0.303208 0.635012 0.380732
0.308396 0.638647 0.381049
0.313602 0.642280 0.381344
0.318827 0.645909 0.381616
0.324070 0.649534 0.381865
0.329333 0.653155 0.382092
0.334615 0.656773 0.382296
0.339916 0.660387 0.382477
0.345237 0.663996 0.382635
0.350577 0.667602 0.382771
0.355938 0.671204 0.382884
0.361318 0.674801 0.382973
0.366717 0.678395 0.383040
0.372137 0.681984 0.383084
0.377577 0.685568 0.383105
0.383037 0.689148 0.383103
0.388518 0.692723 0.383078
0.394018 0.696294 0.383030
0.399539 0.699860 0.382959
0.405081 0.703421 0.382865
0.410642 0.706977 0.382747
0.416225 0.710529 0.382607
0.421827 0.714075 0.382443
0.427451 0.717616 0.382257
0.433094 0.721152 0.382047
0.438759 0.724682 0.381814
0.444444 0.728208 0.381558
0.450150 0.731728 0.381278
0.455876 0.735242 0.380976
0.461623 0.738751 0.380650
0.467391 0.742254 0.380301
0.473179 0.745752 0.379928
0.478988 0.749243 0.379533
0.484817 0.752729 0.379114
0.490668 0.756209 0.378672
0.496539 0.759683 0.378206
0.502430 0.763151 0.377717
0.508342 0.766613 0.377205
0.514275 0.770069 0.376670
0.520228 0.773518 0.376112
0.526202 0.776961 0.375530
0.532196 0.780398 0.374925
0.538211 0.783828 0.374296
0.544246 0.787252 0.373645
0.550302 0.790669 0.372970
0.556378 0.794079 0.372271
0.562474 0.797483 0.371550
0.568591 0.800880 0.370805
0.574728 0.804270 0.370037
0.580885 0.807653 0.369246
0.587062 0.811030 0.368432
0.593260 0.814399 0.367595
0.599477 0.817761 0.366734
0.605715 0.821116 0.365850
0.611972 0.824464 0.364944
0.618250 0.827805 0.364014
0.624547 0.831138 0.363061
0.630864 0.834464 0.362085
0.637201 0.837782 0.361086
0.643558 0.841093 0.360065
0.649934 0.844396 0.359020
0.656330 0.847692 0.357953
0.662745 0.850980 0.356863
0.668654 0.852508 0.362699
0.674508 0.854041 0.368540
0.680305 0.855579 0.374384
0.686049 0.857122 0.380232
0.691740 0.858671 0.386085
0.697378 0.860225 0.391943
0.702965 0.861785 0.397806
0.708501 0.863351 0.403675
0.713988 0.864922 0.409551
0.719426 0.866500 0.415433
0.724815 0.868083 0.421323
0.730157 0.869673 0.427219
0.735451 0.871268 0.433123
0.740700 0.872870 0.439035
0.745903 0.874478 0.444955
0.751060 0.876093 0.450883
0.756174 0.877715 0.456820
0.761243 0.879343 0.462765
0.766268 0.880977 0.468720
0.771250 0.882619 0.474683
0.776190 0.884268 0.480656
0.781088 0.885923 0.486639
0.785943 0.887586 0.492631
0.790758 0.889255 0.498633
0.795531 0.890933 0.504644
0.800264 0.892617 0.510666
0.804956 0.894309 0.516699
0.809609 0.896008 0.522741
0.814221 0.897715 0.528794
0.818795 0.899429 0.534858
0.823329 0.901152 0.540932
0.827825 0.902882 0.547017
0.832282 0.904620 0.553112
0.836700 0.906366 0.559219
0.841081 0.908120 0.565336
0.845424 0.909882 0.571465
0.849730 0.911653 0.577605
0.853998 0.913431 0.583755
0.858229 0.915218 0.589917
0.862422 0.917014 0.596090
0.866580 0.918818 0.602274
0.870700 0.920630 0.608470
0.874784 0.922451 0.614677
0.878832 0.924281 0.620895
0.882844 0.926120 0.627124
0.886820 0.927967 0.633365
0.890760 0.929824 0.639617
0.894664 0.931689 0.645880
0.898533 0.933563 0.652155
0.902367 0.935447 0.658441
0.906165 0.937339 0.664738
0.909927 0.939241 0.671047
0.913655 0.941152 0.677366
0.917348 0.943072 0.683697
0.921006 0.945002 0.690040
0.924628 0.946941 0.696393
0.928217 0.948890 0.702758
0.931770 0.950848 0.709133
0.935289 0.952816 0.715520
0.938773 0.954793 0.721918
0.942223 0.956781 0.728326
0.945639 0.958777 0.734746
0.949020 0.960784 0.741176
