0.023529 0.305882 0.231373
0.022973 0.315340 0.238111
0.022382 0.324844 0.244856
0.021760 0.334394 0.251607
0.021114 0.343989 0.258362
0.020450 0.353629 0.265121
0.019772 0.363313 0.271883
0.019089 0.373040 0.278647
0.018406 0.382809 0.285413
0.017731 0.392620 0.292180
0.017072 0.402472 0.298947
0.016438 0.412365 0.305715
0.015836 0.422297 0.312481
0.015276 0.432269 0.319245
0.014766 0.442280 0.326008
0.014318 0.452329 0.332768
0.013941 0.462416 0.339524
0.013646 0.472540 0.346277
0.013444 0.482701 0.353025
0.013347 0.492898 0.359768
0.013366 0.503130 0.366505
0.013515 0.513398 0.373237
0.013806 0.523700 0.379962
0.014253 0.534037 0.386680
0.014868 0.544408 0.393391
0.015668 0.554812 0.400093
0.016666 0.565248 0.406787
0.017878 0.575718 0.413473
0.019319 0.586220 0.420148
0.021006 0.596753 0.426814
0.022955 0.607318 0.433470
0.025183 0.617913 0.440115
0.027708 0.628539 0.446748
0.030548 0.639196 0.453370
0.033722 0.649882 0.459981
0.037249 0.660597 0.466578
0.041133 0.671342 0.473163
0.045189 0.682116 0.479735
0.049387 0.692918 0.486293
0.053718 0.703747 0.492837
0.058173 0.714605 0.499367
0.062745 0.725490 0.505882
0.083401 0.729837 0.510983
0.100798 0.734186 0.516087
0.116138 0.738538 0.521194
0.130040 0.742893 0.526304
0.142872 0.747251 0.531417
0.154871 0.751611 0.536534
0.166203 0.755974 0.541654
0.176987 0.760339 0.546777
0.187311 0.764707 0.551903
0.197244 0.769078 0.557032
0.206841 0.773452 0.562165
0.216144 0.777828 0.567301
0.225189 0.782207 0.572440
0.234006 0.786588 0.577583
0.242620 0.790972 0.582729
0.251051 0.795359 0.587878
0.259317 0.799749 0.593030
0.267434 0.804141 0.598186
0.275416 0.808535 0.603344
0.283274 0.812933 0.608506
0.291018 0.817333 0.613672
0.298658 0.821736 0.618840
0.306201 0.826141 0.624012
0.313656 0.830549 0.629187
0.321029 0.834959 0.634365
0.328326 0.839372 0.639547
0.335551 0.843788 0.644731
0.342711 0.848207 0.649919
0.349809 0.852628 0.655110
0.356849 0.857051 0.660304
0.363836 0.861478 0.665502
0.370772 0.865906 0.670702
0.377661 0.870338 0.675906
0.384505 0.874772 0.681112
0.391308 0.879208 0.686322
0.398071 0.883648 0.691535
0.404797 0.888089 0.696752
0.411488 0.892534 0.701971
0.418147 0.896981 0.707193
0.424774 0.901430 0.712419
0.431373 0.905882 0.717647
0.435061 0.908912 0.736562
0.440175 0.911747 0.754832
0.446645 0.914398 0.772461
0.454388 0.916874 0.789448
0.463312 0.919186 0.805794
0.473316 0.921343 0.821496
0.484300 0.923357 0.836553
0.496162 0.925238 0.850964
0.508801 0.926996 0.864726
0.522122 0.928642 0.877839
0.536034 0.930187 0.890302
0.550453 0.931641 0.902112
0.565301 0.933016 0.913272
0.580504 0.934322 0.923780
0.595996 0.935569 0.933639
0.611717 0.936769 0.942850
0.627611 0.937933 0.951416
0.643627 0.939070 0.959342
0.659720 0.940191 0.966631
0.675846 0.941307 0.973290
0.691967 0.942428 0.979326
0.708048 0.943564 0.984745
0.724055 0.944726 0.989558
0.739959 0.945922 0.993772
0.755731 0.947163 0.997400
0.771345 0.948459 1.000000
0.786776 0.949818 1.000000
0.802002 0.951251 1.000000
0.817000 0.952766 1.000000
0.831750 0.954372 1.000000
0.846233 0.956078 1.000000
0.860429 0.957893 1.000000
0.874321 0.959824 1.000000
0.887892 0.961880 1.000000
0.901124 0.964069 1.000000
0.914002 0.966398 1.000000
0.926511 0.968874 1.000000
0.938634 0.971505 0.997859
0.950358 0.974298 0.994951
0.961667 0.977258 0.991735
0.972549 0.980392 0.988235
0.956954 0.975396 0.991158
0.940298 0.970875 0.993235
0.922699 0.966791 0.994315
0.904284 0.963101 0.994258
0.885194 0.959758 0.992937
0.865581 0.956714 0.990235
0.845608 0.953913 0.986051
0.825456 0.951299 0.980296
0.805319 0.948815 0.972896
0.785408 0.946399 0.963788
0.765949 0.943988 0.952929
0.747184 0.941519 0.940287
0.729372 0.938928 0.925847
0.712780 0.936150 0.909605
0.697683 0.933119 0.891576
0.684354 0.929771 0.871785
0.673055 0.926043 0.850271
0.664027 0.921874 0.827088
0.657474 0.917204 0.802298
0.653555 0.911975 0.775974
0.652368 0.906135 0.748198
0.653947 0.899632 0.719059
0.658255 0.892421 0.688654
0.665192 0.884459 0.657082
0.674599 0.875709 0.624443
0.686267 0.866139 0.590841
0.699953 0.855723 0.556374
0.715393 0.844438 0.521141
0.732309 0.832269 0.485233
0.750424 0.819206 0.448732
0.769465 0.805244 0.411715
0.789172 0.790386 0.374244
0.809297 0.774639 0.336373
0.829609 0.758017 0.298144
0.849891 0.740540 0.259597
0.869946 0.722232 0.220778
0.889587 0.703127 0.181778
0.908644 0.683263 0.142834
0.926958 0.662686 0.104624
0.944384 0.641447 0.069236
0.960784 0.619608 0.043136
0.958299 0.615761 0.041075
0.955803 0.611919 0.039052
0.953297 0.608083 0.037125
0.950780 0.604253 0.035305
0.948254 0.600429 0.033589
0.945718 0.596610 0.031975
0.943172 0.592797 0.030461
0.940615 0.588990 0.029045
0.938049 0.585189 0.027723
0.935473 0.581394 0.026495
0.932887 0.577604 0.025357
0.930292 0.573821 0.024307
0.927686 0.570043 0.023345
0.925071 0.566271 0.022466
0.922447 0.562505 0.021669
0.919813 0.558745 0.020953
0.917169 0.554991 0.020314
0.914516 0.551242 0.019752
0.911853 0.547500 0.019263
0.909181 0.543763 0.018847
0.906499 0.540032 0.018501
0.903809 0.536308 0.018223
0.901109 0.532589 0.018011
0.898400 0.528876 0.017863
0.895681 0.525169 0.017778
0.892954 0.521468 0.017754
0.890217 0.517773 0.017789
0.887472 0.514084 0.017881
0.884717 0.510401 0.018029
0.881954 0.506723 0.018230
0.879181 0.503052 0.018484
0.876400 0.499387 0.018788
0.873610 0.495727 0.019140
0.870811 0.492074 0.019540
0.868004 0.488426 0.019986
0.865188 0.484785 0.020475
0.862364 0.481149 0.021007
0.859530 0.477520 0.021580
0.856689 0.473896 0.022192
0.853839 0.470278 0.022842
0.850980 0.466667 0.023529
0.842442 0.460322 0.027635
0.833902 0.454004 0.031546
0.825361 0.447713 0.035264
0.816820 0.441448 0.038794
0.808279 0.435211 0.042088
0.799737 0.429000 0.045057
0.791197 0.422816 0.047749
0.782657 0.416659 0.050192
0.774118 0.410529 0.052414
0.765581 0.404425 0.054435
0.757046 0.398349 0.056272
0.748513 0.392299 0.057940
0.739983 0.386277 0.059452
0.731456 0.380281 0.060818
0.722932 0.374312 0.062049
0.714411 0.368370 0.063151
0.705895 0.362455 0.064134
0.697383 0.356567 0.065002
0.688875 0.350706 0.065763
0.680373 0.344872 0.066422
0.671876 0.339064 0.066982
0.663385 0.333284 0.067450
0.654901 0.327531 0.067828
0.646423 0.321805 0.068120
0.637951 0.316106 0.068330
0.629487 0.310434 0.068461
0.621031 0.304789 0.068516
0.612583 0.299172 0.068497
0.604143 0.293581 0.068407
0.595713 0.288017 0.068247
0.587291 0.282481 0.068022
0.578879 0.276972 0.067731
0.570477 0.271490 0.067378
0.562086 0.266036 0.066964
0.553705 0.260608 0.066491
0.545336 0.255208 0.065960
0.536978 0.249836 0.065373
0.528633 0.244490 0.064731
0.520300 0.239173 0.064037
0.511980 0.233882 0.063290
0.503673 0.228619 0.062493
0.495380 0.223384 0.061647
0.487101 0.218176 0.060752
0.478837 0.212996 0.059811
0.470588 0.207843 0.058823
