0.031373 0.070588 0.149020
0.032318 0.072540 0.151860
0.033277 0.074499 0.154707
0.034249 0.076465 0.157561
0.035234 0.078438 0.160421
0.036232 0.080419 0.163289
0.037243 0.082406 0.166163
0.038266 0.084401 0.169043
0.039301 0.086403 0.171930
0.040348 0.088412 0.174823
0.041384 0.090428 0.177723
0.042415 0.092451 0.180628
0.043442 0.094481 0.183540
0.044464 0.096518 0.186458
0.045481 0.098561 0.189382
0.046494 0.100612 0.192312
0.047503 0.102669 0.195247
0.048506 0.104733 0.198188
0.049505 0.106804 0.201135
0.050499 0.108882 0.204088
0.051488 0.110966 0.207046
0.052472 0.113057 0.210010
0.053450 0.115154 0.212979
0.054424 0.117258 0.215953
0.055392 0.119369 0.218932
0.056355 0.121486 0.221917
0.057312 0.123610 0.224907
0.058264 0.125740 0.227902
0.059210 0.127877 0.230902
0.060150 0.130020 0.233907
0.061085 0.132170 0.236917
0.062014 0.134326 0.239931
0.062937 0.136488 0.242950
0.063853 0.138657 0.245974
0.064764 0.140832 0.249003
0.065668 0.143013 0.252036
0.066566 0.145200 0.255074
0.067458 0.147394 0.258116
0.068343 0.149594 0.261162
0.069222 0.151800 0.264213
0.070094 0.154012 0.267268
0.070959 0.156231 0.270327
0.071818 0.158456 0.273390
0.072669 0.160686 0.276458
0.073514 0.162923 0.279529
0.074352 0.165166 0.282605
0.075182 0.167415 0.285684
0.076006 0.169670 0.288767
0.076822 0.171931 0.291854
0.077630 0.174198 0.294945
0.078431 0.176471 0.298039
0.080157 0.179424 0.301955
0.081883 0.182385 0.305877
0.083611 0.185355 0.309808
0.085338 0.188332 0.313746
0.087067 0.191318 0.317691
0.088795 0.194311 0.321644
0.090525 0.197312 0.325604
0.092254 0.200322 0.329571
0.093985 0.203339 0.333545
0.095715 0.206363 0.337526
0.097446 0.209396 0.341515
0.099177 0.212436 0.345510
0.100908 0.215484 0.349512
0.102639 0.218539 0.353521
0.104371 0.221602 0.357537
0.106102 0.224673 0.361559
0.107834 0.227751 0.365589
0.109565 0.230837 0.369624
0.111296 0.233930 0.373667
0.113027 0.237030 0.377716
0.114759 0.240138 0.381771
0.116489 0.243253 0.385833
0.118220 0.246376 0.389901
0.119950 0.249505 0.393975
0.121680 0.252642 0.398056
0.123410 0.255787 0.402143
0.125139 0.258938 0.406236
0.126867 0.262097 0.410335
0.128595 0.265262 0.414440
0.130323 0.268435 0.418551
0.132050 0.271615 0.422668
0.133776 0.274801 0.426791
0.135502 0.277995 0.430920
0.137227 0.281196 0.435055
0.138952 0.284404 0.439195
0.140675 0.287618 0.443341
0.142398 0.290840 0.447493
0.144120 0.294068 0.451650
0.145841 0.297303 0.455813
0.147561 0.300545 0.459982
0.149280 0.303794 0.464156
0.150999 0.307050 0.468335
0.152716 0.310312 0.472520
0.154432 0.313581 0.476710
0.156147 0.316856 0.480905
0.157861 0.320138 0.485106
0.159574 0.323427 0.489312
0.161286 0.326723 0.493523
0.162997 0.330025 0.497739
0.164706 0.333333 0.501961
0.168381 0.337406 0.506375
0.172057 0.341485 0.510795
0.175735 0.345572 0.515222
0.179414 0.349665 0.519653
0.183097 0.353765 0.524091
0.186781 0.357873 0.528534
0.190468 0.361987 0.532983
0.194158 0.366108 0.537438
0.197851 0.370236 0.541898
0.201548 0.374371 0.546364
0.205247 0.378512 0.550836
0.208950 0.382661 0.555313
0.212657 0.386816 0.559796
0.216367 0.390977 0.564285
0.220081 0.395146 0.568778
0.223799 0.399321 0.573278
0.227521 0.403503 0.577783
0.231247 0.407692 0.582293
0.234977 0.411887 0.586809
0.238711 0.416089 0.591331
0.242450 0.420297 0.595857
0.246193 0.424512 0.600390
0.249941 0.428733 0.604927
0.253693 0.432961 0.609470
0.257450 0.437196 0.614018
0.261211 0.441436 0.618572
0.264977 0.445684 0.623131
0.268747 0.449938 0.627695
0.272523 0.454198 0.632265
0.276303 0.458464 0.636840
0.280088 0.462737 0.641420
0.283877 0.467016 0.646005
0.287672 0.471302 0.650595
0.291471 0.475593 0.655191
0.295276 0.479891 0.659792
0.299085 0.484196 0.664398
0.302899 0.488506 0.669009
0.306718 0.492823 0.673625
0.310543 0.497146 0.678246
0.314372 0.501475 0.682872
0.318206 0.505810 0.687504
0.322045 0.510151 0.692140
0.325890 0.514498 0.696782
0.329739 0.518852 0.701428
0.333593 0.523211 0.706080
0.337453 0.527576 0.710736
0.341317 0.531948 0.715398
0.345187 0.536325 0.720064
0.349061 0.540709 0.724735
0.352941 0.545098 0.729412
0.358756 0.549824 0.732848
0.364574 0.554553 0.736285
0.370394 0.559283 0.739722
0.376218 0.564016 0.743159
0.382046 0.568751 0.746597
0.387878 0.573488 0.750035
0.393714 0.578228 0.753473
0.399555 0.582970 0.756912
0.405401 0.587714 0.760351
0.411251 0.592460 0.763790
0.417107 0.597209 0.767230
0.422968 0.601960 0.770671
0.428835 0.606714 0.774112
0.434708 0.611470 0.777553
0.440587 0.616228 0.780995
0.446472 0.620989 0.784438
0.452364 0.625752 0.787881
0.458262 0.630517 0.791325
0.464166 0.635285 0.794769
0.470077 0.640056 0.798214
0.475996 0.644829 0.801660
0.481921 0.649604 0.805106
0.487853 0.654382 0.808553
0.493792 0.659162 0.812001
0.499739 0.663944 0.815449
0.505693 0.668730 0.818898
0.511655 0.673517 0.822349
0.517624 0.678307 0.825799
0.523601 0.683100 0.829251
0.529585 0.687895 0.832703
0.535577 0.692692 0.836157
0.541578 0.697492 0.839611
0.547586 0.702294 0.843066
0.553602 0.707099 0.846522
0.559626 0.711907 0.849979
0.565658 0.716716 0.853437
0.571698 0.721529 0.856896
0.577747 0.726343 0.860356
0.583803 0.731161 0.863817
0.589868 0.735980 0.867279
0.595942 0.740803 0.870742
0.602023 0.745627 0.874206
0.608113 0.750455 0.877672
0.614212 0.755284 0.881138
0.620318 0.760116 0.884605
0.626434 0.764951 0.888074
0.632558 0.769788 0.891544
0.638690 0.774627 0.895015
0.644831 0.779469 0.898487
0.650980 0.784314 0.901961
0.656233 0.787621 0.903547
0.661487 0.790928 0.905131
0.666742 0.794235 0.906713
0.671998 0.797542 0.908294
0.677256 0.800849 0.909872
0.682515 0.804155 0.911448
0.687776 0.807462 0.913023
0.693038 0.810768 0.914595
0.698302 0.814075 0.916165
0.703568 0.817381 0.917734
0.708835 0.820687 0.919300
0.714105 0.823993 0.920865
0.719376 0.827299 0.922427
0.724649 0.830605 0.923988
0.729924 0.833911 0.925546
0.735202 0.837217 0.927103
0.740481 0.840523 0.928658
0.745763 0.843828 0.930210
0.751047 0.847134 0.931761
0.756333 0.850440 0.933310
0.761622 0.853746 0.934857
0.766913 0.857051 0.936402
0.772207 0.860357 0.937945
0.777503 0.863663 0.939487
0.782801 0.866969 0.941026
0.788102 0.870274 0.942563
0.793406 0.873580 0.944099
0.798713 0.876886 0.945632
0.804022 0.880192 0.947164
0.809334 0.883498 0.948694
0.814648 0.886804 0.950222
0.819966 0.890110 0.951748
0.825286 0.893416 0.953272
0.830609 0.896722 0.954795
0.835935 0.900028 0.956315
0.841264 0.903335 0.957834
0.846596 0.906641 0.959350
0.851931 0.909948 0.960865
0.857269 0.913254 0.962378
0.862610 0.916561 0.963890
0.867954 0.919867 0.965399
0.873301 0.923174 0.966906
0.878651 0.926481 0.968412
0.884005 0.929788 0.969916
0.889361 0.933096 0.971418
0.894721 0.936403 0.972918
0.900084 0.939710 0.974417
0.905450 0.943018 0.975913
0.910820 0.946325 0.977408
0.916193 0.949633 0.978901
0.921569 0.952941 0.980392
