0.925490 0.282353 0.600000
0.926033 0.285372 0.601891
0.926575 0.288371 0.603780
0.927114 0.291348 0.605665
0.927653 0.294306 0.607548
0.928190 0.297244 0.609429
0.928725 0.300164 0.611306
0.929259 0.303065 0.613181
0.929791 0.305949 0.615054
0.930322 0.308815 0.616923
0.930851 0.311665 0.618790
0.931379 0.314499 0.620654
0.931905 0.317317 0.622516
0.932430 0.320119 0.624374
0.932953 0.322907 0.626230
0.933475 0.325681 0.628084
0.933995 0.328440 0.629934
0.934514 0.331186 0.631782
0.935032 0.333918 0.633627
0.935548 0.336637 0.635469
0.936062 0.339344 0.637309
0.936575 0.342038 0.639145
0.937087 0.344721 0.640979
0.937597 0.347391 0.642810
0.938105 0.350050 0.644639
0.938613 0.352698 0.646464
0.939118 0.355335 0.648287
0.939623 0.357962 0.650107
0.940126 0.360578 0.651924
0.940627 0.363183 0.653739
0.941127 0.365779 0.655550
0.941626 0.368366 0.657359
0.942123 0.370942 0.659165
0.942619 0.373510 0.660968
0.943113 0.376068 0.662769
0.943606 0.378618 0.664566
0.944098 0.381159 0.666361
0.944588 0.383691 0.668152
0.945077 0.386215 0.669941
0.945565 0.388731 0.671727
0.946051 0.391239 0.673511
0.946535 0.393739 0.675291
0.947019 0.396232 0.677069
0.947501 0.398717 0.678843
0.947981 0.401195 0.680615
0.948461 0.403666 0.682384
0.948939 0.406129 0.684150
0.949415 0.408586 0.685913
0.949891 0.411036 0.687673
0.950364 0.413479 0.689430
0.950837 0.415916 0.691185
0.951308 0.418347 0.692936
0.951778 0.420771 0.694685
0.952247 0.423189 0.696431
0.952714 0.425602 0.698173
0.953180 0.428008 0.699913
0.953645 0.430408 0.701650
0.954109 0.432803 0.703384
0.954571 0.435192 0.705115
0.955032 0.437576 0.706843
0.955491 0.439955 0.708568
0.955950 0.442328 0.710290
0.956407 0.444696 0.712009
0.956863 0.447059 0.713725
0.953725 0.457991 0.729948
0.950450 0.468861 0.745735
0.947047 0.479674 0.761087
0.943522 0.490431 0.776002
0.939886 0.501134 0.790478
0.936147 0.511786 0.804512
0.932313 0.522388 0.818104
0.928396 0.532940 0.831251
0.924405 0.543445 0.843952
0.920349 0.553901 0.856205
0.916241 0.564308 0.868010
0.912090 0.574668 0.879365
0.907908 0.584977 0.890270
0.903707 0.595237 0.900725
0.899500 0.605445 0.910731
0.895299 0.615601 0.920288
0.891118 0.625701 0.929397
0.886970 0.635745 0.938061
0.882870 0.645729 0.946281
0.878831 0.655652 0.954060
0.874870 0.665511 0.961401
0.871002 0.675303 0.968309
0.867243 0.685025 0.974786
0.863609 0.694674 0.980839
0.860117 0.704247 0.986471
0.856784 0.713740 0.991690
0.853628 0.723151 0.996500
0.850666 0.732475 1.000000
0.847916 0.741709 1.000000
0.845397 0.750849 1.000000
0.843125 0.759893 1.000000
0.841119 0.768836 1.000000
0.839397 0.777675 1.000000
0.837975 0.786406 1.000000
0.836872 0.795025 1.000000
0.836103 0.803530 1.000000
0.835685 0.811917 1.000000
0.835633 0.820183 1.000000
0.835961 0.828323 1.000000
0.836682 0.836336 1.000000
0.837810 0.844218 1.000000
0.839354 0.851966 1.000000
0.841326 0.859578 1.000000
0.843733 0.867051 1.000000
0.846583 0.874381 1.000000
0.849881 0.881568 1.000000
0.853631 0.888609 1.000000
0.857836 0.895502 1.000000
0.862497 0.902245 1.000000
0.867612 0.908837 1.000000
0.873180 0.915276 1.000000
0.879197 0.921560 1.000000
0.885658 0.927690 1.000000
0.892555 0.933664 1.000000
0.899880 0.939481 1.000000
0.907625 0.945141 1.000000
0.915778 0.950645 1.000000
0.924328 0.955992 0.998936
0.933262 0.961182 0.996687
0.942565 0.966216 0.994473
0.952225 0.971095 0.992314
0.962225 0.975820 0.990228
0.972549 0.980392 0.988235
0.963086 0.975523 0.987720
0.953556 0.970683 0.987154
0.943960 0.965871 0.986537
0.934297 0.961087 0.985867
0.924567 0.956330 0.985144
0.914770 0.951600 0.984367
0.904905 0.946897 0.983536
0.894973 0.942220 0.982648
0.884973 0.937569 0.981705
0.874905 0.932943 0.980705
0.864767 0.928343 0.979647
0.854560 0.923767 0.978531
0.844282 0.919215 0.977356
0.833933 0.914687 0.976121
0.823512 0.910182 0.974826
0.813019 0.905700 0.973470
0.802451 0.901241 0.972052
0.791808 0.896804 0.970572
0.781089 0.892389 0.969029
0.770291 0.887995 0.967422
0.759414 0.883623 0.965751
0.748455 0.879270 0.964016
0.737412 0.874938 0.962215
0.726284 0.870626 0.960348
0.715068 0.866333 0.958415
0.703761 0.862059 0.956414
0.692360 0.857803 0.954346
0.680862 0.853566 0.952211
0.669264 0.849346 0.950006
0.657561 0.845144 0.947733
0.645750 0.840959 0.945390
0.633825 0.836790 0.942977
0.621781 0.832637 0.940493
0.609613 0.828501 0.937938
0.597314 0.824379 0.935312
0.584877 0.820273 0.932615
0.572294 0.816181 0.929845
0.559556 0.812104 0.927002
0.546653 0.808041 0.924086
0.533573 0.803991 0.921097
0.520305 0.799954 0.918034
0.506834 0.795930 0.914897
0.493143 0.791918 0.911686
0.479214 0.787918 0.908399
0.465027 0.783930 0.905037
0.450555 0.779953 0.901600
0.435770 0.775987 0.898087
0.420639 0.772032 0.894498
0.405121 0.768087 0.890833
0.389169 0.764151 0.887091
0.372726 0.760226 0.883272
0.355720 0.756309 0.879376
0.338062 0.752401 0.875402
0.319642 0.748501 0.871351
0.300312 0.744610 0.867222
0.279878 0.740726 0.863016
0.258070 0.736849 0.858731
0.234497 0.732980 0.854368
0.208557 0.729117 0.849926
0.179238 0.725261 0.845406
0.144592 0.721410 0.840807
0.099822 0.717565 0.836129
0.023530 0.713725 0.831372
0.023590 0.711369 0.829295
0.023655 0.709015 0.827215
0.023726 0.706662 0.825135
0.023800 0.704311 0.823053
0.023880 0.701962 0.820969
0.023963 0.699614 0.818884
0.024051 0.697268 0.816798
0.024143 0.694923 0.814711
0.024239 0.692580 0.812622
0.024338 0.690239 0.810531
0.024441 0.687899 0.808440
0.024547 0.685561 0.806347
0.024656 0.683225 0.804253
0.024768 0.680890 0.802157
0.024884 0.678557 0.800060
0.025002 0.676226 0.797962
0.025122 0.673896 0.795863
0.025246 0.671568 0.793762
0.025371 0.669242 0.791660
0.025499 0.666917 0.789557
0.025628 0.664595 0.787452
0.025760 0.662273 0.785346
0.025893 0.659954 0.783239
0.026028 0.657636 0.781131
0.026164 0.655320 0.779022
0.026302 0.653006 0.776911
0.026441 0.650693 0.774799
0.026581 0.648383 0.772686
0.026723 0.646073 0.770572
0.026865 0.643766 0.768456
0.027008 0.641460 0.766339
0.027151 0.639157 0.764222
0.027295 0.636855 0.762103
0.027440 0.634554 0.759983
0.027584 0.632256 0.757861
0.027729 0.629959 0.755739
0.027875 0.627664 0.753615
0.028020 0.625370 0.751491
0.028165 0.623079 0.749365
0.028309 0.620789 0.747238
0.028454 0.618501 0.745110
0.028598 0.616215 0.742981
0.028741 0.613931 0.740851
0.028884 0.611648 0.738720
0.029027 0.609367 0.736588
0.029168 0.607088 0.734455
0.029309 0.604811 0.732321
0.029448 0.602536 0.730185
0.029587 0.600262 0.728049
0.029724 0.597991 0.725912
0.029860 0.595721 0.723773
0.029995 0.593453 0.721634
0.030129 0.591187 0.719494
0.030261 0.588922 0.717353
0.030392 0.586660 0.715210
0.030521 0.584399 0.713067
0.030648 0.582141 0.710923
0.030774 0.579884 0.708778
0.030897 0.577629 0.706632
0.031019 0.575376 0.704485
0.031139 0.573124 0.702337
0.031257 0.570875 0.700189
0.031373 0.568627 0.698039
