0.101961 0.070588 0.207843
0.105856 0.071853 0.211727
0.109795 0.073104 0.215587
0.113779 0.074340 0.219422
0.117806 0.075562 0.223231
0.121877 0.076770 0.227013
0.125991 0.077964 0.230767
0.130148 0.079143 0.234492
0.134347 0.080309 0.238187
0.138588 0.081459 0.241850
0.142871 0.082596 0.245482
0.147195 0.083718 0.249080
0.151560 0.084826 0.252644
0.155965 0.085919 0.256172
0.160411 0.086998 0.259665
0.164896 0.088062 0.263120
0.169421 0.089112 0.266536
0.173986 0.090147 0.269914
0.178589 0.091168 0.273251
0.183230 0.092174 0.276548
0.187910 0.093166 0.279802
0.192627 0.094143 0.283013
0.197382 0.095105 0.286181
0.202174 0.096053 0.289303
0.207002 0.096986 0.292381
0.211867 0.097904 0.295411
0.216767 0.098808 0.298394
0.221704 0.099696 0.301329
0.226675 0.100570 0.304215
0.231681 0.101429 0.307051
0.236722 0.102273 0.309836
0.241797 0.103102 0.312570
0.246905 0.103916 0.315251
0.252047 0.104715 0.317880
0.257221 0.105499 0.320454
0.262428 0.106268 0.322974
0.267667 0.107021 0.325438
0.272938 0.107760 0.327846
0.278240 0.108483 0.330198
0.283573 0.109191 0.332491
0.288936 0.109883 0.334727
0.294330 0.110560 0.336904
0.299752 0.111222 0.339021
0.305204 0.111868 0.341077
0.310685 0.112499 0.343073
0.316193 0.113114 0.345007
0.321729 0.113714 0.346879
0.327293 0.114299 0.348688
0.332883 0.114868 0.350434
0.338500 0.115421 0.352116
0.344142 0.115959 0.353733
0.349810 0.116481 0.355285
0.355503 0.116988 0.356771
0.361220 0.117480 0.358191
0.366960 0.117956 0.359544
0.372724 0.118417 0.360830
0.378511 0.118863 0.362048
0.384320 0.119294 0.363197
0.390150 0.119710 0.364277
0.396002 0.120110 0.365288
0.401874 0.120497 0.366229
0.407766 0.120868 0.367100
0.413677 0.121226 0.367899
0.419608 0.121569 0.368627
0.426419 0.123439 0.369734
0.433247 0.125316 0.370773
0.440091 0.127201 0.371744
0.446951 0.129093 0.372647
0.453825 0.130995 0.373480
0.460713 0.132906 0.374245
0.467613 0.134829 0.374940
0.474526 0.136762 0.375564
0.481450 0.138708 0.376119
0.488385 0.140668 0.376603
0.495329 0.142642 0.377016
0.502282 0.144631 0.377358
0.509243 0.146636 0.377628
0.516211 0.148658 0.377826
0.523185 0.150698 0.377952
0.530165 0.152758 0.378005
0.537149 0.154838 0.377985
0.544136 0.156939 0.377891
0.551126 0.159062 0.377724
0.558118 0.161209 0.377482
0.565111 0.163380 0.377165
0.572104 0.165576 0.376774
0.579096 0.167799 0.376307
0.586087 0.170050 0.375764
0.593074 0.172329 0.375144
0.600058 0.174639 0.374448
0.607037 0.176979 0.373674
0.614011 0.179351 0.372822
0.620978 0.181757 0.371892
0.627938 0.184196 0.370883
0.634890 0.186671 0.369794
0.641832 0.189183 0.368625
0.648764 0.191731 0.367375
0.655685 0.194319 0.366043
0.662593 0.196946 0.364629
0.669489 0.199613 0.363131
0.676370 0.202322 0.361550
0.683236 0.205074 0.359883
0.690086 0.207869 0.358131
0.696919 0.210709 0.356292
0.703734 0.213595 0.354366
0.710530 0.216527 0.352350
0.717306 0.219506 0.350244
0.724061 0.222534 0.348046
0.730793 0.225611 0.345756
0.737503 0.228737 0.343371
0.744189 0.231915 0.340891
0.750849 0.235144 0.338312
0.757484 0.238425 0.335635
0.764091 0.241759 0.332856
0.770671 0.245147 0.329973
0.777221 0.248589 0.326985
0.783741 0.252086 0.323889
0.790230 0.255639 0.320682
0.796687 0.259248 0.317362
0.803110 0.262913 0.313924
0.809500 0.266636 0.310367
0.815854 0.270416 0.306686
0.822171 0.274255 0.302878
0.828452 0.278151 0.298937
0.834694 0.282107 0.294860
0.840897 0.286122 0.290641
0.847059 0.290196 0.286274
0.850216 0.295869 0.283126
0.853322 0.301546 0.279982
0.856378 0.307229 0.276845
0.859383 0.312916 0.273715
0.862337 0.318608 0.270595
0.865241 0.324307 0.267485
0.868093 0.330010 0.264389
0.870895 0.335720 0.261307
0.873645 0.341435 0.258242
0.876344 0.347157 0.255197
0.878993 0.352884 0.252172
0.881590 0.358618 0.249172
0.884136 0.364357 0.246199
0.886631 0.370103 0.243255
0.889075 0.375854 0.240345
0.891468 0.381611 0.237470
0.893810 0.387374 0.234635
0.896101 0.393142 0.231842
0.898341 0.398916 0.229097
0.900531 0.404695 0.226403
0.902669 0.410479 0.223765
0.904757 0.416269 0.221186
0.906794 0.422063 0.218673
0.908781 0.427861 0.216229
0.910717 0.433665 0.213860
0.912603 0.439472 0.211571
0.914439 0.445283 0.209369
0.916225 0.451098 0.207259
0.917961 0.456917 0.205246
0.919647 0.462738 0.203338
0.921284 0.468563 0.201540
0.922872 0.474391 0.199858
0.924410 0.480221 0.198300
0.925899 0.486054 0.196872
0.927340 0.491888 0.195580
0.928731 0.497724 0.194431
0.930075 0.503562 0.193431
0.931370 0.509401 0.192586
0.932618 0.515240 0.191902
0.933818 0.521081 0.191385
0.934971 0.526921 0.191040
0.936076 0.532762 0.190872
0.937135 0.538602 0.190886
0.938147 0.544442 0.191086
0.939114 0.550281 0.191474
0.940034 0.556119 0.192055
0.940909 0.561956 0.192831
0.941738 0.567790 0.193803
0.942523 0.573623 0.194972
0.943263 0.579453 0.196339
0.943959 0.585281 0.197904
0.944611 0.591106 0.199667
0.945220 0.596928 0.201625
0.945786 0.602746 0.203777
0.946310 0.608560 0.206121
0.946791 0.614370 0.208654
0.947231 0.620176 0.211373
0.947629 0.625977 0.214275
0.947987 0.631773 0.217354
0.948304 0.637564 0.220609
0.948582 0.643349 0.224033
0.948820 0.649129 0.227622
0.949020 0.654902 0.231372
0.949381 0.660146 0.244777
0.949743 0.665365 0.257700
0.950108 0.670559 0.270213
0.950475 0.675730 0.282371
0.950845 0.680878 0.294220
0.951218 0.686002 0.305797
0.951595 0.691103 0.317133
0.951976 0.696181 0.328255
0.952361 0.701237 0.339186
0.952752 0.706270 0.349944
0.953147 0.711282 0.360547
0.953548 0.716271 0.371009
0.953956 0.721239 0.381343
0.954369 0.726186 0.391560
0.954790 0.731112 0.401670
0.955218 0.736016 0.411683
0.955654 0.740900 0.421606
0.956098 0.745763 0.431446
0.956551 0.750606 0.441210
0.957013 0.755429 0.450904
0.957485 0.760231 0.460533
0.957967 0.765013 0.470102
0.958459 0.769776 0.479614
0.958962 0.774519 0.489076
0.959476 0.779242 0.498489
0.960003 0.783945 0.507857
0.960541 0.788630 0.517183
0.961093 0.793295 0.526471
0.961657 0.797941 0.535723
0.962236 0.802568 0.544941
0.962828 0.807176 0.554127
0.963435 0.811766 0.563284
0.964058 0.816336 0.572413
0.964696 0.820888 0.581517
0.965350 0.825422 0.590596
0.966020 0.829937 0.599653
0.966708 0.834434 0.608689
0.967413 0.838912 0.617705
0.968136 0.843372 0.626703
0.968878 0.847814 0.635683
0.969638 0.852238 0.644647
0.970418 0.856644 0.653596
0.971218 0.861032 0.662530
0.972039 0.865402 0.671451
0.972880 0.869755 0.680359
0.973743 0.874089 0.689256
0.974628 0.878406 0.698141
0.975535 0.882705 0.707016
0.976465 0.886986 0.715881
0.977418 0.891250 0.724736
0.978395 0.895497 0.733583
0.979397 0.899725 0.742422
0.980423 0.903937 0.751253
0.981475 0.908131 0.760076
0.982552 0.912307 0.768893
0.983656 0.916466 0.777703
0.984786 0.920608 0.786506
0.985944 0.924733 0.795304
0.987129 0.928840 0.804097
0.988343 0.932930 0.812884
0.989585 0.937003 0.821666
0.990856 0.941059 0.830443
0.992157 0.945098 0.839216
