0.101961 0.027451 0.141176
0.105534 0.028256 0.144609
0.109137 0.029066 0.148031
0.112771 0.029881 0.151440
0.116436 0.030700 0.154838
0.120130 0.031523 0.158223
0.123855 0.032350 0.161594
0.127609 0.033180 0.164952
0.131393 0.034012 0.168296
0.135206 0.034847 0.171625
0.139049 0.035683 0.174938
0.142921 0.036520 0.178236
0.146822 0.037357 0.181518
0.150752 0.038195 0.184783
0.154710 0.039032 0.188031
0.158697 0.039868 0.191261
0.162712 0.040697 0.194473
0.166756 0.041508 0.197667
0.170827 0.042306 0.200841
0.174927 0.043093 0.203996
0.179054 0.043867 0.207132
0.183209 0.044628 0.210247
0.187391 0.045377 0.213341
0.191600 0.046113 0.216414
0.195836 0.046837 0.219465
0.200100 0.047547 0.222495
0.204390 0.048243 0.225502
0.208706 0.048927 0.228487
0.213049 0.049596 0.231448
0.217419 0.050252 0.234385
0.221814 0.050894 0.237299
0.226236 0.051522 0.240188
0.230683 0.052135 0.243053
0.235155 0.052733 0.245892
0.239654 0.053317 0.248706
0.244177 0.053886 0.251494
0.248726 0.054440 0.254255
0.253299 0.054978 0.256991
0.257897 0.055501 0.259699
0.262520 0.056007 0.262379
0.267168 0.056498 0.265033
0.271839 0.056973 0.267658
0.276535 0.057430 0.270254
0.281254 0.057871 0.272822
0.285998 0.058295 0.275361
0.290765 0.058702 0.277871
0.295555 0.059091 0.280350
0.300368 0.059463 0.282800
0.305205 0.059816 0.285219
0.310064 0.060151 0.287608
0.314946 0.060468 0.289965
0.319851 0.060765 0.292292
0.324778 0.061043 0.294586
0.329727 0.061302 0.296849
0.334697 0.061541 0.299079
0.339690 0.061760 0.301276
0.344704 0.061958 0.303441
0.349740 0.062136 0.305573
0.354797 0.062292 0.307670
0.359875 0.062427 0.309735
0.364973 0.062541 0.311765
0.370093 0.062631 0.313760
0.375232 0.062700 0.315721
0.380392 0.062745 0.317647
0.385694 0.064144 0.318518
0.391007 0.065544 0.319347
0.396333 0.066948 0.320133
0.401671 0.068355 0.320876
0.407020 0.069766 0.321576
0.412380 0.071182 0.322234
0.417750 0.072603 0.322847
0.423131 0.074030 0.323418
0.428521 0.075464 0.323944
0.433920 0.076905 0.324426
0.439328 0.078353 0.324864
0.444744 0.079810 0.325257
0.450169 0.081277 0.325605
0.455600 0.082753 0.325909
0.461039 0.084239 0.326167
0.466485 0.085736 0.326380
0.471937 0.087245 0.326547
0.477394 0.088767 0.326668
0.482857 0.090301 0.326743
0.488325 0.091850 0.326771
0.493798 0.093412 0.326753
0.499274 0.094990 0.326687
0.504754 0.096584 0.326574
0.510238 0.098193 0.326414
0.515723 0.099820 0.326206
0.521212 0.101465 0.325950
0.526702 0.103128 0.325645
0.532193 0.104811 0.325291
0.537685 0.106513 0.324889
0.543178 0.108235 0.324437
0.548670 0.109979 0.323935
0.554162 0.111744 0.323383
0.559653 0.113532 0.322780
0.565143 0.115342 0.322127
0.570631 0.117177 0.321422
0.576116 0.119035 0.320666
0.581599 0.120919 0.319857
0.587078 0.122828 0.318996
0.592554 0.124763 0.318082
0.598025 0.126725 0.317114
0.603491 0.128714 0.316092
0.608953 0.130731 0.315015
0.614408 0.132776 0.313883
0.619858 0.134851 0.312695
0.625300 0.136955 0.311451
0.630736 0.139088 0.310150
0.636164 0.141253 0.308790
0.641584 0.143448 0.307373
0.646995 0.145675 0.305896
0.652397 0.147934 0.304358
0.657789 0.150225 0.302760
0.663172 0.152549 0.301100
0.668543 0.154906 0.299377
0.673904 0.157297 0.297590
0.679253 0.159723 0.295738
0.684590 0.162182 0.293820
0.689914 0.164676 0.291835
0.695226 0.167206 0.289781
0.700524 0.169771 0.287657
0.705807 0.172372 0.285462
0.711076 0.175009 0.283193
0.716330 0.177682 0.280850
0.721569 0.180392 0.278431
0.725688 0.185247 0.277498
0.729789 0.190080 0.276552
0.733872 0.194896 0.275596
0.737938 0.199695 0.274628
0.741985 0.204480 0.273650
0.746014 0.209252 0.272661
0.750024 0.214012 0.271662
0.754016 0.218763 0.270652
0.757989 0.223505 0.269633
0.761942 0.228239 0.268604
0.765877 0.232968 0.267567
0.769793 0.237691 0.266520
0.773689 0.242409 0.265465
0.777566 0.247124 0.264402
0.781423 0.251837 0.263331
0.785260 0.256547 0.262252
0.789077 0.261256 0.261167
0.792875 0.265965 0.260075
0.796652 0.270673 0.258977
0.800408 0.275382 0.257873
0.804144 0.280092 0.256764
0.807860 0.284804 0.255650
0.811555 0.289517 0.254533
0.815229 0.294233 0.253411
0.818882 0.298952 0.252286
0.822514 0.303674 0.251159
0.826125 0.308399 0.250030
0.829715 0.313128 0.248900
0.833283 0.317862 0.247769
0.836829 0.322599 0.246638
0.840354 0.327341 0.245508
0.843858 0.332088 0.244379
0.847339 0.336841 0.243252
0.850798 0.341598 0.242129
0.854236 0.346361 0.241010
0.857651 0.351129 0.239895
0.861044 0.355904 0.238786
0.864415 0.360684 0.237683
0.867763 0.365470 0.236588
0.871088 0.370263 0.235502
0.874391 0.375061 0.234425
0.877672 0.379866 0.233359
0.880929 0.384678 0.232304
0.884164 0.389496 0.231262
0.887376 0.394321 0.230234
0.890564 0.399153 0.229222
0.893730 0.403991 0.228226
0.896872 0.408836 0.227247
0.899991 0.413689 0.226288
0.903087 0.418548 0.225349
0.906159 0.423414 0.224432
0.909208 0.428287 0.223538
0.912233 0.433167 0.222669
0.915235 0.438054 0.221827
0.918213 0.442948 0.221012
0.921167 0.447849 0.220226
0.924097 0.452757 0.219471
0.927004 0.457672 0.218749
0.929886 0.462594 0.218061
0.932745 0.467523 0.217409
0.935580 0.472460 0.216795
0.938390 0.477403 0.216220
0.941176 0.482353 0.215686
0.942527 0.489402 0.218749
0.943840 0.496421 0.221987
0.945117 0.503413 0.225396
0.946359 0.510376 0.228973
0.947565 0.517312 0.232714
0.948738 0.524222 0.236615
0.949876 0.531105 0.240672
0.950982 0.537963 0.244881
0.952055 0.544795 0.249237
0.953097 0.551602 0.253737
0.954108 0.558384 0.258376
0.955089 0.565141 0.263150
0.956041 0.571874 0.268056
0.956965 0.578583 0.273088
0.957861 0.585268 0.278243
0.958730 0.591930 0.283516
0.959573 0.598567 0.288906
0.960391 0.605181 0.294406
0.961185 0.611772 0.300015
0.961955 0.618340 0.305728
0.962703 0.624884 0.311542
0.963429 0.631405 0.317454
0.964135 0.637903 0.323460
0.964822 0.644378 0.329559
0.965489 0.650830 0.335746
0.966139 0.657259 0.342018
0.966772 0.663664 0.348374
0.967390 0.670047 0.354811
0.967993 0.676406 0.361326
0.968583 0.682743 0.367916
0.969160 0.689056 0.374579
0.969725 0.695346 0.381313
0.970281 0.701613 0.388117
0.970827 0.707857 0.394986
0.971365 0.714077 0.401921
0.971896 0.720274 0.408918
0.972422 0.726447 0.415976
0.972943 0.732597 0.423093
0.973461 0.738723 0.430267
0.973976 0.744825 0.437497
0.974491 0.750904 0.444780
0.975006 0.756958 0.452116
0.975523 0.762989 0.459502
0.976043 0.768996 0.466937
0.976566 0.774978 0.474420
0.977096 0.780936 0.481948
0.977632 0.786870 0.489522
0.978176 0.792780 0.497138
0.978729 0.798665 0.504796
0.979293 0.804525 0.512495
0.979870 0.810361 0.520233
0.980460 0.816172 0.528009
0.981064 0.821958 0.535821
0.981685 0.827719 0.543669
0.982324 0.833455 0.551550
0.982981 0.839166 0.559465
0.983659 0.844852 0.567411
0.984359 0.850512 0.575387
0.985082 0.856147 0.583393
0.985830 0.861756 0.591427
0.986604 0.867340 0.599488
0.987405 0.872899 0.607575
0.988235 0.878431 0.615686
