0.019608 0.019608 0.019608
0.020785 0.020295 0.020401
0.022005 0.020996 0.021216
0.023268 0.021713 0.022052
0.024576 0.022446 0.022910
0.025928 0.023194 0.023790
0.027326 0.023957 0.024691
0.028771 0.024737 0.025616
0.030262 0.025532 0.026563
0.031802 0.026344 0.027533
0.033390 0.027171 0.028527
0.035027 0.028015 0.029544
0.036715 0.028876 0.030585
0.038453 0.029754 0.031651
0.040243 0.030648 0.032741
0.042039 0.031559 0.033855
0.043836 0.032488 0.034995
0.045638 0.033434 0.036159
0.047444 0.034397 0.037350
0.049254 0.035378 0.038566
0.051069 0.036376 0.039808
0.052889 0.037393 0.041064
0.054712 0.038428 0.042315
0.056541 0.039480 0.043569
0.058373 0.040550 0.044826
0.060210 0.041611 0.046086
0.062052 0.042675 0.047350
0.063898 0.043740 0.048617
0.065748 0.044806 0.049886
0.067603 0.045875 0.051159
0.069462 0.046945 0.052435
0.071325 0.048016 0.053714
0.073193 0.049090 0.054996
0.075065 0.050165 0.056281
0.076941 0.051241 0.057569
0.078822 0.052320 0.058860
0.080707 0.053400 0.060154
0.082596 0.054481 0.061451
0.084490 0.055564 0.062750
0.086388 0.056649 0.064053
0.088290 0.057735 0.065358
0.090196 0.058824 0.066667
0.101702 0.061720 0.071981
0.113231 0.064526 0.077329
0.124798 0.067243 0.082709
0.136414 0.069870 0.088120
0.148087 0.072407 0.093560
0.159824 0.074854 0.099029
0.171628 0.077211 0.104525
0.183502 0.079478 0.110048
0.195448 0.081653 0.115596
0.207468 0.083736 0.121167
0.219564 0.085726 0.126763
0.231735 0.087623 0.132380
0.243981 0.089424 0.138019
0.256303 0.091130 0.143679
0.268701 0.092738 0.149359
0.281175 0.094247 0.155058
0.293723 0.095655 0.160775
0.306346 0.096961 0.166511
0.319042 0.098163 0.172263
0.331812 0.099258 0.178031
0.344655 0.100243 0.183815
0.357569 0.101117 0.189615
0.370555 0.101877 0.195428
0.383612 0.102518 0.201256
0.396738 0.103039 0.207097
0.409934 0.103435 0.212951
0.423197 0.103701 0.218817
0.436529 0.103835 0.224695
0.449927 0.103830 0.230584
0.463392 0.103681 0.236484
0.476923 0.103382 0.242394
0.490518 0.102927 0.248314
0.504177 0.102308 0.254243
0.517900 0.101517 0.260181
0.531686 0.100544 0.266127
0.545534 0.099380 0.272082
0.559444 0.098012 0.278044
0.573415 0.096426 0.284013
0.587446 0.094607 0.289990
0.601536 0.092538 0.295972
0.615686 0.090196 0.301961
0.623846 0.092017 0.314071
0.631921 0.093989 0.326362
0.639908 0.096114 0.338835
0.647806 0.098395 0.351491
0.655609 0.100831 0.364329
0.663317 0.103424 0.377349
0.670925 0.106174 0.390552
0.678432 0.109078 0.403937
0.685834 0.112137 0.417504
0.693128 0.115347 0.431252
0.700312 0.118707 0.445180
0.707383 0.122214 0.459287
0.714338 0.125865 0.473574
0.721175 0.129657 0.488037
0.727890 0.133587 0.502676
0.734480 0.137651 0.517490
0.740944 0.141845 0.532477
0.747279 0.146167 0.547635
0.753481 0.150613 0.562961
0.759549 0.155179 0.578455
0.765478 0.159863 0.594114
0.771268 0.164660 0.609935
0.776914 0.169569 0.625916
0.782415 0.174587 0.642055
0.787767 0.179709 0.658348
0.792968 0.184935 0.674792
0.798016 0.190261 0.691385
0.802907 0.195686 0.708124
0.807639 0.201208 0.725005
0.812209 0.206824 0.742024
0.816614 0.212533 0.759178
0.820852 0.218334 0.776464
0.824920 0.224225 0.793876
0.828814 0.230205 0.811412
0.832533 0.236274 0.829068
0.836072 0.242430 0.846838
0.839430 0.248674 0.864719
0.842603 0.255003 0.882705
0.845587 0.261419 0.900794
0.848381 0.267922 0.918978
0.850980 0.274510 0.937255
0.837473 0.292602 0.954322
0.823709 0.309850 0.970493
0.809691 0.326400 0.985761
0.795368 0.342499 1.000000
0.774862 0.371175 1.000000
0.755582 0.395767 1.000000
0.737365 0.417324 1.000000
0.720074 0.436541 1.000000
0.703590 0.453901 1.000000
0.687810 0.469757 1.000000
0.672644 0.484374 1.000000
0.658012 0.497955 1.000000
0.643841 0.510661 1.000000
0.630067 0.522620 1.000000
0.616628 0.533936 1.000000
0.603470 0.544695 1.000000
0.590538 0.554969 1.000000
0.577783 0.564819 1.000000
0.565155 0.574296 1.000000
0.552605 0.583444 1.000000
0.540083 0.592303 1.000000
0.527538 0.600907 1.000000
0.514918 0.609284 1.000000
0.502167 0.617462 1.000000
0.489223 0.625465 1.000000
0.476021 0.633315 1.000000
0.462483 0.641031 1.000000
0.448526 0.648634 1.000000
0.434048 0.656139 1.000000
0.418933 0.663564 1.000000
0.403037 0.670924 1.000000
0.386184 0.678235 1.000000
0.368151 0.685513 1.000000
0.348645 0.692773 1.000000
0.327274 0.700030 1.000000
0.303480 0.707300 1.000000
0.276427 0.714600 1.000000
0.244756 0.721947 1.000000
0.228844 0.728773 0.992923
0.222923 0.735122 0.982827
0.219608 0.741176 0.972549
0.254348 0.746363 0.974309
0.285123 0.751553 0.975984
0.313128 0.756745 0.977576
0.339074 0.761940 0.979082
0.363419 0.767139 0.980505
0.386480 0.772342 0.981843
0.408485 0.777549 0.983098
0.429604 0.782762 0.984269
0.449970 0.787979 0.985356
0.469685 0.793203 0.986359
0.488831 0.798433 0.987279
0.507475 0.803669 0.988115
0.525674 0.808913 0.988868
0.543474 0.814165 0.989538
0.560913 0.819424 0.990124
0.578025 0.824693 0.990628
0.594839 0.829970 0.991049
0.611379 0.835257 0.991387
0.627667 0.840555 0.991642
0.643721 0.845863 0.991815
0.659558 0.851182 0.991905
0.675193 0.856514 0.991912
0.690638 0.861857 0.991838
0.705905 0.867214 0.991681
0.721004 0.872583 0.991441
0.735945 0.877967 0.991120
0.750735 0.883365 0.990717
0.765382 0.888779 0.990231
0.779893 0.894208 0.989664
0.794273 0.899653 0.989014
0.808528 0.905115 0.988283
0.822663 0.910594 0.987470
0.836683 0.916091 0.986575
0.850591 0.921607 0.985598
0.864392 0.927142 0.984540
0.878088 0.932696 0.983400
0.891682 0.938271 0.982177
0.905178 0.943866 0.980873
0.918578 0.949483 0.979488
0.931884 0.955123 0.978020
0.945098 0.960784 0.976470
0.946314 0.961654 0.976994
0.947529 0.962523 0.977518
0.948745 0.963392 0.978042
0.949962 0.964262 0.978566
0.951178 0.965132 0.979089
0.952395 0.966001 0.979613
0.953611 0.966871 0.980137
0.954828 0.967741 0.980660
0.956046 0.968611 0.981184
0.957263 0.969481 0.981707
0.958481 0.970352 0.982230
0.959698 0.971222 0.982754
0.960916 0.972092 0.983277
0.962135 0.972963 0.983800
0.963353 0.973834 0.984324
0.964572 0.974704 0.984847
0.965791 0.975575 0.985370
0.967010 0.976446 0.985893
0.968229 0.977317 0.986416
0.969448 0.978188 0.986939
0.970668 0.979060 0.987462
0.971888 0.979931 0.987985
0.973108 0.980802 0.988508
0.974328 0.981674 0.989031
0.975548 0.982546 0.989554
0.976769 0.983417 0.990076
0.977990 0.984289 0.990599
0.979211 0.985161 0.991122
0.980432 0.986033 0.991644
0.981654 0.986905 0.992167
0.982875 0.987778 0.992689
0.984097 0.988650 0.993212
0.985319 0.989523 0.993734
0.986542 0.990395 0.994257
0.987764 0.991268 0.994779
0.988987 0.992141 0.995301
0.990210 0.993013 0.995824
0.991433 0.993886 0.996346
0.992656 0.994759 0.996868
0.993879 0.995633 0.997390
0.995103 0.996506 0.997912
0.996327 0.997379 0.998434
0.997551 0.998253 0.998956
0.998775 0.999126 0.999478
1.000000 1.000000 1.000000
