0.015686 0.125490 0.117647
0.016036 0.127652 0.119726
0.016390 0.129818 0.121810
0.016749 0.131990 0.123899
0.017113 0.134167 0.125993
0.017481 0.136348 0.128092
0.017854 0.138535 0.130197
0.018232 0.140726 0.132306
0.018614 0.142923 0.134421
0.019001 0.145124 0.136541
0.019393 0.147330 0.138665
0.019790 0.149541 0.140795
0.020192 0.151757 0.142929
0.020598 0.153977 0.145069
0.021009 0.156203 0.147213
0.021426 0.158432 0.149362
0.021847 0.160667 0.151516
0.022273 0.162906 0.153675
0.022704 0.165150 0.155839
0.023140 0.167398 0.158007
0.023581 0.169651 0.160180
0.024027 0.171908 0.162358
0.024478 0.174170 0.164540
0.024934 0.176436 0.166727
0.025395 0.178706 0.168919
0.025861 0.180981 0.171115
0.026332 0.183261 0.173316
0.026808 0.185545 0.175521
0.027290 0.187833 0.177731
0.027776 0.190125 0.179945
0.028268 0.192422 0.182164
0.028765 0.194722 0.184387
0.029267 0.197027 0.186615
0.029775 0.199337 0.188847
0.030287 0.201650 0.191084
0.030805 0.203968 0.193325
0.031328 0.206290 0.195570
0.031857 0.208615 0.197820
0.032390 0.210945 0.200074
0.032930 0.213279 0.202332
0.033474 0.215617 0.204595
0.034024 0.217959 0.206861
0.034579 0.220306 0.209132
0.035139 0.222656 0.211408
0.035705 0.225010 0.213687
0.036277 0.227368 0.215971
0.036854 0.229729 0.218259
0.037436 0.232095 0.220550
0.038024 0.234465 0.222847
0.038617 0.236838 0.225147
0.039216 0.239216 0.227451
0.040172 0.243072 0.231063
0.041128 0.246938 0.234682
0.042083 0.250814 0.238308
0.043040 0.254700 0.241941
0.043999 0.258596 0.245582
0.044961 0.262502 0.249230
0.045925 0.266417 0.252884
0.046891 0.270342 0.256546
0.047860 0.274277 0.260214
0.048832 0.278221 0.263889
0.049806 0.282175 0.267571
0.050783 0.286138 0.271259
0.051763 0.290110 0.274954
0.052745 0.294092 0.278655
0.053730 0.298083 0.282363
0.054718 0.302083 0.286077
0.055708 0.306092 0.289797
0.056702 0.310110 0.293523
0.057698 0.314137 0.297256
0.058697 0.318173 0.300994
0.059700 0.322218 0.304739
0.060705 0.326272 0.308490
0.061713 0.330334 0.312246
0.062724 0.334405 0.316008
0.063739 0.338485 0.319776
0.064756 0.342573 0.323550
0.065777 0.346670 0.327329
0.066801 0.350776 0.331114
0.067828 0.354889 0.334904
0.068858 0.359011 0.338700
0.069892 0.363142 0.342501
0.070929 0.367280 0.346308
0.071969 0.371427 0.350120
0.073013 0.375582 0.353937
0.074060 0.379745 0.357760
0.075110 0.383916 0.361587
0.076164 0.388096 0.365420
0.077222 0.392283 0.369257
0.078283 0.396478 0.373100
0.079348 0.400681 0.376948
0.080416 0.404892 0.380800
0.081488 0.409111 0.384658
0.082563 0.413337 0.388520
0.083642 0.417572 0.392387
0.084725 0.421814 0.396259
0.085812 0.426063 0.400135
0.086902 0.430320 0.404016
0.087996 0.434585 0.407902
0.089094 0.438857 0.411792
0.090196 0.443137 0.415686
0.093049 0.447811 0.420362
0.095889 0.452492 0.425048
0.098718 0.457182 0.429747
0.101536 0.461881 0.434456
0.104345 0.466587 0.439177
0.107145 0.471302 0.443909
0.109937 0.476025 0.448653
0.112721 0.480757 0.453407
0.115499 0.485496 0.458173
0.118270 0.490244 0.462950
0.121036 0.494999 0.467738
0.123796 0.499762 0.472537
0.126552 0.504534 0.477347
0.129303 0.509313 0.482168
0.132049 0.514100 0.487000
0.134793 0.518895 0.491843
0.137532 0.523697 0.496696
0.140269 0.528508 0.501561
0.143003 0.533325 0.506436
0.145735 0.538151 0.511322
0.148464 0.542984 0.516218
0.151192 0.547825 0.521126
0.153918 0.552673 0.526044
0.156642 0.557529 0.530973
0.159365 0.562392 0.535912
0.162087 0.567262 0.540862
0.164808 0.572140 0.545822
0.167528 0.577025 0.550793
0.170248 0.581917 0.555774
0.172967 0.586817 0.560766
0.175686 0.591724 0.565768
0.178405 0.596638 0.570780
0.181124 0.601559 0.575803
0.183843 0.606487 0.580836
0.186562 0.611422 0.585879
0.189282 0.616365 0.590933
0.192002 0.621314 0.595997
0.194723 0.626270 0.601071
0.197445 0.631233 0.606155
0.200167 0.636203 0.611249
0.202890 0.641180 0.616354
0.205614 0.646164 0.621468
0.208339 0.651154 0.626593
0.211066 0.656151 0.631728
0.213793 0.661155 0.636872
0.216522 0.666166 0.642027
0.219252 0.671183 0.647192
0.221984 0.676207 0.652366
0.224717 0.681237 0.657551
0.227451 0.686275 0.662745
0.236094 0.689462 0.665981
0.244523 0.692651 0.669220
0.252761 0.695841 0.672461
0.260824 0.699032 0.675705
0.268730 0.702225 0.678951
0.276492 0.705418 0.682200
0.284121 0.708612 0.685451
0.291629 0.711808 0.688704
0.299025 0.715005 0.691960
0.306317 0.718203 0.695218
0.313513 0.721401 0.698479
0.320619 0.724602 0.701742
0.327642 0.727803 0.705008
0.334588 0.731005 0.708276
0.341461 0.734209 0.711546
0.348265 0.737413 0.714819
0.355006 0.740619 0.718094
0.361686 0.743826 0.721371
0.368310 0.747034 0.724651
0.374881 0.750243 0.727933
0.381401 0.753454 0.731217
0.387874 0.756665 0.734504
0.394301 0.759878 0.737793
0.400686 0.763092 0.741085
0.407031 0.766307 0.744378
0.413337 0.769523 0.747674
0.419607 0.772740 0.750973
0.425842 0.775958 0.754273
0.432045 0.779178 0.757576
0.438216 0.782399 0.760881
0.444357 0.785621 0.764189
0.450470 0.788844 0.767498
0.456556 0.792068 0.770810
0.462616 0.795293 0.774124
0.468652 0.798520 0.777441
0.474664 0.801748 0.780759
0.480653 0.804977 0.784080
0.486621 0.808207 0.787403
0.492569 0.811438 0.790729
0.498497 0.814670 0.794056
0.504406 0.817904 0.797386
0.510297 0.821139 0.800718
0.516171 0.824374 0.804052
0.522028 0.827612 0.807388
0.527870 0.830850 0.810726
0.533696 0.834089 0.814067
0.539508 0.837330 0.817410
0.545306 0.840572 0.820755
0.551091 0.843815 0.824102
0.556863 0.847059 0.827451
0.564159 0.849706 0.830218
0.571419 0.852351 0.832989
0.578643 0.854995 0.835763
0.585833 0.857638 0.838539
0.592991 0.860279 0.841319
0.600117 0.862919 0.844102
0.607214 0.865557 0.846888
0.614283 0.868194 0.849677
0.621324 0.870830 0.852469
0.628338 0.873465 0.855264
0.635328 0.876098 0.858062
0.642293 0.878730 0.860863
0.649235 0.881360 0.863668
0.656154 0.883989 0.866475
0.663052 0.886617 0.869286
0.669929 0.889244 0.872100
0.676786 0.891869 0.874916
0.683624 0.894493 0.877736
0.690444 0.897116 0.880559
0.697246 0.899737 0.883385
0.704030 0.902357 0.886214
0.710798 0.904976 0.889047
0.717550 0.907593 0.891882
0.724286 0.910210 0.894720
0.731008 0.912825 0.897562
0.737716 0.915439 0.900407
0.744410 0.918051 0.903255
0.751090 0.920662 0.906106
0.757758 0.923273 0.908960
0.764413 0.925881 0.911817
0.771056 0.928489 0.914678
0.777688 0.931095 0.917541
0.784309 0.933701 0.920408
0.790919 0.936305 0.923278
0.797518 0.938907 0.926151
0.804108 0.941509 0.929027
0.810688 0.944109 0.931906
0.817258 0.946709 0.934789
0.823820 0.949307 0.937674
0.830373 0.951903 0.940563
0.836917 0.954499 0.943455
0.843454 0.957094 0.946350
0.849982 0.959687 0.949248
0.856503 0.962279 0.952150
0.863017 0.964870 0.955054
0.869524 0.967460 0.957962
0.876024 0.970049 0.960873
0.882517 0.972636 0.963787
0.889005 0.975223 0.966705
0.895486 0.977808 0.969625
0.901961 0.980392 0.972549
