0.050980 0.007843 0.129412
0.054057 0.008396 0.133669
0.057164 0.008970 0.137936
0.060302 0.009565 0.142211
0.063469 0.010183 0.146494
0.066665 0.010821 0.150784
0.069892 0.011482 0.155081
0.073148 0.012164 0.159384
0.076433 0.012869 0.163694
0.079747 0.013596 0.168009
0.083091 0.014344 0.172329
0.086463 0.015115 0.176654
0.089863 0.015908 0.180984
0.093293 0.016723 0.185317
0.096751 0.017560 0.189654
0.100237 0.018420 0.193993
0.103751 0.019302 0.198336
0.107294 0.020206 0.202681
0.110864 0.021132 0.207028
0.114462 0.022080 0.211376
0.118088 0.023051 0.215726
0.121741 0.024043 0.220076
0.125422 0.025057 0.224427
0.129130 0.026093 0.228778
0.132866 0.027151 0.233128
0.136628 0.028230 0.237478
0.140418 0.029331 0.241828
0.144234 0.030453 0.246175
0.148078 0.031596 0.250522
0.151948 0.032761 0.254866
0.155844 0.033946 0.259208
0.159768 0.035152 0.263548
0.163717 0.036379 0.267884
0.167693 0.037626 0.272217
0.171695 0.038894 0.276547
0.175723 0.040181 0.280873
0.179777 0.041463 0.285195
0.183857 0.042736 0.289512
0.187963 0.044005 0.293825
0.192095 0.045268 0.298132
0.196252 0.046527 0.302434
0.200435 0.047781 0.306731
0.204644 0.049029 0.311021
0.208877 0.050273 0.315306
0.213136 0.051511 0.319584
0.217420 0.052744 0.323855
0.221730 0.053971 0.328118
0.226064 0.055193 0.332375
0.230423 0.056409 0.336624
0.234807 0.057619 0.340865
0.239216 0.058824 0.345098
0.244718 0.060051 0.348136
0.250256 0.061266 0.351128
0.255827 0.062468 0.354074
0.261432 0.063659 0.356974
0.267071 0.064836 0.359827
0.272743 0.066001 0.362632
0.278448 0.067154 0.365389
0.284186 0.068294 0.368097
0.289956 0.069421 0.370755
0.295757 0.070536 0.373364
0.301590 0.071638 0.375922
0.307454 0.072728 0.378429
0.313348 0.073805 0.380885
0.319273 0.074869 0.383289
0.325228 0.075921 0.385640
0.331212 0.076960 0.387938
0.337225 0.077986 0.390182
0.343267 0.079000 0.392372
0.349337 0.080002 0.394508
0.355434 0.080991 0.396589
0.361560 0.081967 0.398615
0.367712 0.082932 0.400584
0.373890 0.083884 0.402497
0.380095 0.084824 0.404354
0.386326 0.085752 0.406153
0.392581 0.086669 0.407894
0.398862 0.087573 0.409578
0.405167 0.088467 0.411203
0.411495 0.089349 0.412768
0.417847 0.090220 0.414275
0.424222 0.091080 0.415722
0.430619 0.091930 0.417109
0.437038 0.092770 0.418435
0.443479 0.093599 0.419701
0.449940 0.094420 0.420905
0.456422 0.095230 0.422048
0.462924 0.096032 0.423128
0.469445 0.096826 0.424146
0.475985 0.097611 0.425102
0.482544 0.098389 0.425994
0.489120 0.099160 0.426823
0.495714 0.099924 0.427589
0.502324 0.100683 0.428290
0.508951 0.101436 0.428926
0.515593 0.102185 0.429498
0.522250 0.102929 0.430005
0.528922 0.103671 0.430446
0.535608 0.104409 0.430821
0.542307 0.105146 0.431130
0.549020 0.105882 0.431373
0.555390 0.107523 0.429585
0.561746 0.109193 0.427730
0.568086 0.110895 0.425809
0.574410 0.112631 0.423822
0.580716 0.114402 0.421768
0.587004 0.116210 0.419648
0.593272 0.118058 0.417461
0.599520 0.119946 0.415207
0.605747 0.121876 0.412886
0.611952 0.123851 0.410499
0.618133 0.125871 0.408045
0.624291 0.127938 0.405524
0.630424 0.130055 0.402935
0.636531 0.132221 0.400278
0.642612 0.134440 0.397554
0.648665 0.136712 0.394762
0.654689 0.139038 0.391900
0.660684 0.141420 0.388970
0.666648 0.143858 0.385970
0.672581 0.146355 0.382900
0.678481 0.148911 0.379760
0.684348 0.151527 0.376547
0.690181 0.154203 0.373263
0.695979 0.156942 0.369906
0.701741 0.159743 0.366475
0.707466 0.162608 0.362969
0.713153 0.165536 0.359386
0.718801 0.168528 0.355727
0.724409 0.171586 0.351989
0.729977 0.174709 0.348172
0.735503 0.177897 0.344272
0.740986 0.181151 0.340290
0.746426 0.184472 0.336222
0.751822 0.187859 0.332067
0.757172 0.191312 0.327822
0.762476 0.194831 0.323486
0.767733 0.198417 0.319055
0.772941 0.202069 0.314526
0.778101 0.205788 0.309897
0.783211 0.209572 0.305163
0.788270 0.213423 0.300320
0.793278 0.217338 0.295366
0.798233 0.221320 0.290294
0.803135 0.225365 0.285099
0.807982 0.229476 0.279776
0.812774 0.233650 0.274318
0.817510 0.237889 0.268718
0.822189 0.242190 0.262968
0.826810 0.246554 0.257059
0.831373 0.250980 0.250980
0.835374 0.258788 0.246905
0.839300 0.266562 0.242822
0.843150 0.274307 0.238734
0.846926 0.282027 0.234643
0.850626 0.289724 0.230551
0.854250 0.297401 0.226464
0.857799 0.305060 0.222382
0.861271 0.312703 0.218312
0.864668 0.320333 0.214256
0.867989 0.327950 0.210220
0.871235 0.335555 0.206209
0.874404 0.343151 0.202229
0.877498 0.350738 0.198286
0.880516 0.358317 0.194388
0.883459 0.365889 0.190542
0.886326 0.373455 0.186758
0.889118 0.381014 0.183044
0.891835 0.388568 0.179412
0.894476 0.396116 0.175872
0.897043 0.403660 0.172437
0.899536 0.411200 0.169120
0.901954 0.418735 0.165935
0.904298 0.426265 0.162898
0.906568 0.433792 0.160025
0.908764 0.441314 0.157332
0.910888 0.448832 0.154838
0.912939 0.456345 0.152560
0.914917 0.463855 0.150517
0.916824 0.471359 0.148728
0.918658 0.478860 0.147211
0.920422 0.486355 0.145985
0.922115 0.493845 0.145065
0.923738 0.501330 0.144469
0.925291 0.508809 0.144209
0.926775 0.516283 0.144299
0.928190 0.523750 0.144748
0.929538 0.531211 0.145563
0.930818 0.538665 0.146748
0.932031 0.546112 0.148306
0.933178 0.553551 0.150236
0.934260 0.560983 0.152534
0.935277 0.568406 0.155194
0.936230 0.575821 0.158208
0.937120 0.583227 0.161566
0.937947 0.590623 0.165256
0.938713 0.598010 0.169267
0.939418 0.605387 0.173584
0.940063 0.612753 0.178194
0.940649 0.620107 0.183082
0.941176 0.627451 0.188235
0.941913 0.633215 0.200635
0.942647 0.638955 0.212574
0.943379 0.644671 0.224126
0.944110 0.650362 0.235347
0.944840 0.656030 0.246282
0.945571 0.661675 0.256969
0.946302 0.667296 0.267439
0.947034 0.672895 0.277717
0.947767 0.678471 0.287824
0.948503 0.684025 0.297780
0.949242 0.689556 0.307601
0.949983 0.695066 0.317299
0.950729 0.700554 0.326888
0.951479 0.706020 0.336377
0.952235 0.711465 0.345776
0.952996 0.716888 0.355093
0.953763 0.722290 0.364336
0.954538 0.727672 0.373510
0.955320 0.733032 0.382623
0.956110 0.738372 0.391678
0.956909 0.743692 0.400682
0.957717 0.748990 0.409637
0.958536 0.754269 0.418548
0.959365 0.759527 0.427419
0.960206 0.764765 0.436252
0.961058 0.769983 0.445051
0.961924 0.775181 0.453818
0.962802 0.780360 0.462556
0.963695 0.785518 0.471267
0.964602 0.790657 0.479952
0.965525 0.795776 0.488614
0.966463 0.800875 0.497255
0.967418 0.805955 0.505876
0.968391 0.811016 0.514478
0.969381 0.816057 0.523063
0.970391 0.821079 0.531632
0.971419 0.826082 0.540186
0.972468 0.831065 0.548726
0.973537 0.836029 0.557254
0.974628 0.840974 0.565769
0.975741 0.845900 0.574273
0.976876 0.850807 0.582766
0.978036 0.855695 0.591250
0.979219 0.860564 0.599724
0.980427 0.865414 0.608190
0.981661 0.870245 0.616647
0.982920 0.875057 0.625096
0.984207 0.879850 0.633538
0.985521 0.884625 0.641973
0.986864 0.889381 0.650402
0.988235 0.894118 0.658823
