0.160784 0.113725 0.015686
0.165272 0.116994 0.016125
0.169781 0.120272 0.016569
0.174312 0.123561 0.017018
0.178863 0.126860 0.017473
0.183436 0.130170 0.017934
0.188030 0.133489 0.018400
0.192644 0.136817 0.018873
0.197278 0.140155 0.019351
0.201933 0.143503 0.019835
0.206608 0.146860 0.020325
0.211302 0.150226 0.020821
0.216017 0.153601 0.021324
0.220751 0.156985 0.021832
0.225505 0.160377 0.022348
0.230279 0.163779 0.022869
0.235071 0.167188 0.023397
0.239883 0.170607 0.023933
0.244713 0.174033 0.024474
0.249562 0.177468 0.025023
0.254431 0.180911 0.025579
0.259317 0.184361 0.026143
0.264222 0.187820 0.026713
0.269146 0.191286 0.027292
0.274088 0.194760 0.027878
0.279048 0.198242 0.028472
0.284025 0.201731 0.029074
0.289021 0.205227 0.029684
0.294035 0.208731 0.030303
0.299066 0.212242 0.030930
0.304115 0.215760 0.031567
0.309181 0.219285 0.032212
0.314265 0.222817 0.032867
0.319366 0.226356 0.033531
0.324484 0.229901 0.034205
0.329619 0.233453 0.034889
0.334771 0.237012 0.035583
0.339941 0.240577 0.036287
0.345127 0.244149 0.037003
0.350329 0.247727 0.037729
0.355548 0.251311 0.038467
0.360784 0.254902 0.039216
0.366062 0.258674 0.039973
0.371354 0.262455 0.040733
0.376660 0.266243 0.041487
0.381981 0.270040 0.042241
0.387316 0.273845 0.042995
0.392665 0.277658 0.043749
0.398028 0.281478 0.044503
0.403405 0.285307 0.045257
0.408796 0.289143 0.046012
0.414201 0.292987 0.046767
0.419620 0.296839 0.047522
0.425052 0.300699 0.048278
0.430498 0.304565 0.049034
0.435958 0.308440 0.049791
0.441431 0.312322 0.050548
0.446918 0.316211 0.051306
0.452417 0.320108 0.052065
0.457930 0.324011 0.052824
0.463456 0.327923 0.053584
0.468996 0.331841 0.054345
0.474548 0.335766 0.055107
0.480113 0.339698 0.055869
0.485691 0.343638 0.056633
0.491282 0.347584 0.057397
0.496886 0.351537 0.058163
0.502503 0.355497 0.058929
0.508132 0.359464 0.059697
0.513774 0.363438 0.060466
0.519428 0.367418 0.061236
0.525095 0.371405 0.062007
0.530774 0.375398 0.062780
0.536465 0.379398 0.063554
0.542169 0.383405 0.064329
0.547885 0.387418 0.065106
0.553613 0.391437 0.065884
0.559354 0.395463 0.066664
0.565106 0.399495 0.067446
0.570870 0.403534 0.068229
0.576647 0.407578 0.069013
0.582435 0.411629 0.069800
0.588235 0.415686 0.070588
0.593726 0.419840 0.071810
0.599226 0.424002 0.073033
0.604734 0.428172 0.074257
0.610249 0.432349 0.075483
0.615773 0.436535 0.076709
0.621305 0.440728 0.077937
0.626845 0.444929 0.079165
0.632392 0.449137 0.080395
0.637948 0.453354 0.081626
0.643511 0.457578 0.082858
0.649082 0.461809 0.084092
0.654661 0.466049 0.085326
0.660248 0.470295 0.086561
0.665842 0.474549 0.087798
0.671444 0.478811 0.089035
0.677053 0.483080 0.090274
0.682670 0.487357 0.091514
0.688294 0.491641 0.092754
0.693926 0.495933 0.093996
0.699565 0.500231 0.095239
0.705211 0.504537 0.096483
0.710864 0.508851 0.097728
0.716525 0.513172 0.098974
0.722193 0.517499 0.100221
0.727868 0.521835 0.101469
0.733551 0.526177 0.102718
0.739240 0.530526 0.103968
0.744936 0.534883 0.105218
0.750639 0.539247 0.106470
0.756349 0.543618 0.107723
0.762067 0.547995 0.108977
0.767790 0.552380 0.110232
0.773521 0.556772 0.111488
0.779259 0.561171 0.112745
0.785003 0.565577 0.114002
0.790754 0.569990 0.115261
0.796512 0.574409 0.116521
0.802276 0.578836 0.117781
0.808047 0.583269 0.119043
0.813824 0.587710 0.120305
0.819608 0.592157 0.121568
0.822753 0.595540 0.126129
0.825899 0.598925 0.130603
0.829045 0.602314 0.134996
0.832192 0.605706 0.139315
0.835340 0.609101 0.143567
0.838488 0.612500 0.147757
0.841637 0.615901 0.151889
0.844787 0.619305 0.155967
0.847937 0.622712 0.159996
0.851087 0.626123 0.163978
0.854238 0.629536 0.167917
0.857390 0.632952 0.171816
0.860542 0.636372 0.175676
0.863695 0.639794 0.179501
0.866849 0.643220 0.183293
0.870003 0.646648 0.187053
0.873157 0.650080 0.190784
0.876312 0.653514 0.194486
0.879468 0.656952 0.198162
0.882624 0.660393 0.201814
0.885781 0.663836 0.205441
0.888938 0.667283 0.209047
0.892096 0.670732 0.212631
0.895254 0.674185 0.216195
0.898413 0.677641 0.219740
0.901572 0.681099 0.223267
0.904732 0.684561 0.226777
0.907892 0.688025 0.230271
0.911053 0.691493 0.233749
0.914214 0.694963 0.237212
0.917376 0.698437 0.240661
0.920538 0.701913 0.244097
0.923701 0.705392 0.247520
0.926864 0.708875 0.250931
0.930028 0.712360 0.254330
0.933192 0.715848 0.257718
0.936356 0.719339 0.261095
0.939522 0.722833 0.264463
0.942687 0.726330 0.267821
0.945853 0.729830 0.271170
0.949020 0.733333 0.274510
0.949738 0.736203 0.283174
0.950457 0.739068 0.291651
0.951179 0.741927 0.299958
0.951902 0.744782 0.308108
0.952627 0.747631 0.316116
0.953355 0.750475 0.323990
0.954084 0.753315 0.331743
0.954815 0.756149 0.339381
0.955548 0.758979 0.346914
0.956284 0.761803 0.354348
0.957021 0.764623 0.361691
0.957761 0.767438 0.368946
0.958503 0.770247 0.376121
0.959247 0.773053 0.383220
0.959994 0.775853 0.390247
0.960743 0.778649 0.397207
0.961494 0.781440 0.404103
0.962249 0.784226 0.410939
0.963005 0.787007 0.417718
0.963764 0.789784 0.424444
0.964526 0.792556 0.431117
0.965291 0.795324 0.437743
0.966058 0.798087 0.444322
0.966828 0.800845 0.450857
0.967601 0.803599 0.457351
0.968377 0.806349 0.463804
0.969155 0.809094 0.470220
0.969937 0.811834 0.476599
0.970722 0.814570 0.482944
0.971510 0.817301 0.489256
0.972301 0.820028 0.495536
0.973095 0.822751 0.501786
0.973892 0.825469 0.508006
0.974692 0.828183 0.514199
0.975496 0.830893 0.520366
0.976304 0.833598 0.526507
0.977114 0.836298 0.532623
0.977928 0.838995 0.538716
0.978746 0.841687 0.544786
0.979567 0.844375 0.550835
0.980392 0.847059 0.556863
0.980680 0.849527 0.563857
0.980969 0.851989 0.570817
0.981261 0.854446 0.577744
0.981555 0.856897 0.584640
0.981852 0.859343 0.591507
0.982151 0.861784 0.598344
0.982452 0.864219 0.605154
0.982756 0.866649 0.611938
0.983062 0.869074 0.618697
0.983370 0.871493 0.625430
0.983681 0.873907 0.632141
0.983995 0.876316 0.638829
0.984311 0.878719 0.645495
0.984630 0.881117 0.652140
0.984952 0.883510 0.658766
0.985277 0.885898 0.665372
0.985604 0.888281 0.671959
0.985934 0.890658 0.678528
0.986267 0.893030 0.685080
0.986603 0.895397 0.691616
0.986942 0.897759 0.698135
0.987284 0.900116 0.704639
0.987629 0.902468 0.711127
0.987977 0.904815 0.717602
0.988328 0.907156 0.724062
0.988683 0.909493 0.730509
0.989041 0.911824 0.736943
0.989401 0.914151 0.743365
0.989766 0.916472 0.749774
0.990133 0.918788 0.756172
0.990504 0.921100 0.762559
0.990879 0.923406 0.768934
0.991257 0.925708 0.775299
0.991638 0.928004 0.781654
0.992023 0.930296 0.788000
0.992412 0.932582 0.794335
0.992804 0.934864 0.800662
0.993200 0.937141 0.806980
0.993600 0.939412 0.813289
0.994003 0.941679 0.819590
0.994410 0.943942 0.825883
0.994821 0.946199 0.832168
0.995236 0.948451 0.838446
0.995655 0.950699 0.844717
0.996078 0.952941 0.850980
