0.007843 0.172549 0.133333
0.007559 0.176971 0.136666
0.007257 0.181409 0.140003
0.006938 0.185864 0.143343
0.006602 0.190335 0.146686
0.006250 0.194821 0.150032
0.005882 0.199324 0.153382
0.005497 0.203842 0.156733
0.005098 0.208375 0.160088
0.004684 0.212923 0.163445
0.004255 0.217487 0.166804
0.003813 0.222065 0.170165
0.003357 0.226658 0.173527
0.002889 0.231266 0.176892
0.002409 0.235888 0.180257
0.001918 0.240524 0.183624
0.001416 0.245175 0.186993
0.000905 0.249839 0.190362
0.000384 0.254517 0.193732
0.000000 0.259209 0.197102
0.000000 0.263914 0.200473
0.000000 0.268633 0.203845
0.000000 0.273364 0.207216
0.000000 0.278109 0.210588
0.000000 0.282867 0.213960
0.000000 0.287638 0.217331
0.000000 0.292422 0.220702
0.000000 0.297218 0.224073
0.000000 0.302026 0.227443
0.000000 0.306847 0.230812
0.000000 0.311681 0.234181
0.000000 0.316526 0.237548
0.000000 0.321383 0.240914
0.000000 0.326253 0.244279
0.000000 0.331134 0.247643
0.000000 0.336027 0.251005
0.000000 0.340931 0.254365
0.000000 0.345847 0.257724
0.000000 0.350775 0.261081
0.000000 0.355713 0.264436
0.000000 0.360663 0.267789
0.000000 0.365624 0.271139
0.000000 0.370596 0.274488
0.000000 0.375579 0.277834
0.000000 0.380573 0.281177
0.000000 0.385577 0.284518
0.000000 0.390592 0.287856
0.000000 0.395618 0.291191
0.000000 0.400654 0.294524
0.000000 0.405700 0.297853
0.000000 0.410756 0.301179
0.000000 0.415823 0.304502
0.000000 0.420900 0.307822
0.000000 0.425987 0.311138
0.000000 0.431084 0.314451
0.000000 0.436191 0.317760
0.000000 0.441307 0.321065
0.000000 0.446433 0.324367
0.000000 0.451569 0.327665
0.000000 0.456714 0.330958
0.000000 0.461869 0.334248
0.000000 0.467033 0.337534
0.000000 0.472207 0.340815
0.000000 0.477389 0.344092
0.000000 0.482581 0.347365
0.000000 0.487782 0.350633
0.000000 0.492992 0.353896
0.000000 0.498211 0.357155
0.000000 0.503439 0.360409
0.000000 0.508675 0.363658
0.000000 0.513921 0.366903
0.000000 0.519175 0.370142
0.000000 0.524437 0.373376
0.000000 0.529708 0.376606
0.000000 0.534988 0.379830
0.000439 0.540276 0.383048
0.002099 0.545572 0.386261
0.003868 0.550877 0.389469
0.005751 0.556190 0.392671
0.007749 0.561511 0.395868
0.009868 0.566840 0.399059
0.012109 0.572177 0.402244
0.014477 0.577522 0.405424
0.016976 0.582875 0.408597
0.019608 0.588235 0.411765
0.024455 0.591115 0.411101
0.029711 0.593990 0.410395
0.035386 0.596859 0.409648
0.041464 0.599723 0.408859
0.047532 0.602581 0.408027
0.053505 0.605433 0.407152
0.059401 0.608280 0.406235
0.065234 0.611120 0.405274
0.071017 0.613955 0.404269
0.076758 0.616783 0.403220
0.082465 0.619605 0.402127
0.088145 0.622420 0.400988
0.093802 0.625229 0.399805
0.099441 0.628030 0.398575
0.105066 0.630825 0.397299
0.110681 0.633613 0.395977
0.116288 0.636394 0.394607
0.121889 0.639167 0.393190
0.127488 0.641934 0.391724
0.133085 0.644692 0.390210
0.138683 0.647443 0.388647
0.144283 0.650186 0.387033
0.149887 0.652921 0.385369
0.155495 0.655648 0.383654
0.161109 0.658368 0.381887
0.166730 0.661078 0.380068
0.172359 0.663781 0.378195
0.177997 0.666474 0.376269
0.183644 0.669160 0.374287
0.189301 0.671836 0.372250
0.194968 0.674503 0.370156
0.200647 0.677162 0.368005
0.206338 0.679811 0.365796
0.212041 0.682451 0.363527
0.217757 0.685082 0.361197
0.223486 0.687703 0.358806
0.229229 0.690314 0.356352
0.234986 0.692916 0.353834
0.240756 0.695508 0.351251
0.246542 0.698090 0.348601
0.252342 0.700661 0.345882
0.258157 0.703223 0.343094
0.263988 0.705774 0.340234
0.269834 0.708315 0.337301
0.275696 0.710845 0.334292
0.281574 0.713364 0.331207
0.287468 0.715872 0.328042
0.293378 0.718370 0.324796
0.299305 0.720856 0.321465
0.305248 0.723331 0.318048
0.311208 0.725795 0.314541
0.317185 0.728247 0.310942
0.323179 0.730688 0.307248
0.329189 0.733117 0.303454
0.335217 0.735535 0.299557
0.341262 0.737940 0.295554
0.347324 0.740334 0.291438
0.353404 0.742715 0.287207
0.359501 0.745084 0.282854
0.365616 0.747441 0.278374
0.371748 0.749785 0.273760
0.377897 0.752117 0.269006
0.384064 0.754435 0.264103
0.390249 0.756741 0.259044
0.396451 0.759035 0.253818
0.402671 0.761315 0.248416
0.408909 0.763582 0.242825
0.415164 0.765835 0.237031
0.421437 0.768076 0.231020
0.427728 0.770302 0.224773
0.434036 0.772516 0.218271
0.440362 0.774715 0.211489
0.446706 0.776901 0.204400
0.453067 0.779072 0.196972
0.459446 0.781230 0.189163
0.465843 0.783374 0.180928
0.472257 0.785503 0.172204
0.478689 0.787618 0.162919
0.485138 0.789718 0.152974
0.491605 0.791804 0.142241
0.498090 0.793875 0.130541
0.504591 0.795932 0.117620
0.511111 0.797973 0.103084
0.517647 0.800000 0.086274
0.525564 0.801485 0.091566
0.533380 0.802971 0.096844
0.541100 0.804457 0.102110
0.548728 0.805945 0.107365
0.556267 0.807434 0.112610
0.563721 0.808924 0.117846
0.571093 0.810416 0.123075
0.578385 0.811910 0.128297
0.585601 0.813405 0.133513
0.592742 0.814902 0.138724
0.599812 0.816400 0.143931
0.606811 0.817901 0.149135
0.613743 0.819405 0.154336
0.620610 0.820910 0.159535
0.627413 0.822418 0.164732
0.634153 0.823929 0.169929
0.640833 0.825442 0.175125
0.647454 0.826959 0.180321
0.654018 0.828478 0.185519
0.660525 0.830000 0.190717
0.666978 0.831526 0.195916
0.673377 0.833055 0.201118
0.679723 0.834588 0.206322
0.686018 0.836124 0.211529
0.692263 0.837664 0.216738
0.698458 0.839207 0.221951
0.704605 0.840755 0.227168
0.710705 0.842307 0.232388
0.716757 0.843863 0.237613
0.722764 0.845424 0.242842
0.728726 0.846988 0.248076
0.734644 0.848558 0.253315
0.740517 0.850132 0.258559
0.746348 0.851711 0.263808
0.752137 0.853295 0.269063
0.757883 0.854884 0.274324
0.763589 0.856479 0.279591
0.769254 0.858078 0.284864
0.774879 0.859683 0.290143
0.780464 0.861294 0.295429
0.786010 0.862910 0.300721
0.791518 0.864532 0.306020
0.796987 0.866160 0.311325
0.802419 0.867794 0.316638
0.807813 0.869434 0.321958
0.813170 0.871080 0.327285
0.818491 0.872732 0.332619
0.823775 0.874391 0.337961
0.829024 0.876056 0.343310
0.834237 0.877728 0.348667
0.839415 0.879407 0.354032
0.844557 0.881092 0.359404
0.849665 0.882785 0.364784
0.854739 0.884485 0.370171
0.859778 0.886191 0.375567
0.864784 0.887905 0.380970
0.869756 0.889626 0.386382
0.874695 0.891355 0.391801
0.879600 0.893091 0.397229
0.884473 0.894835 0.402664
0.889313 0.896587 0.408108
0.894120 0.898347 0.413560
0.898895 0.900114 0.419020
0.903638 0.901889 0.424488
0.908349 0.903673 0.429964
0.913028 0.905465 0.435449
0.917675 0.907265 0.440941
0.922291 0.909073 0.446442
0.926876 0.910890 0.451951
0.931429 0.912715 0.457468
0.935952 0.914549 0.462993
0.940443 0.916392 0.468526
0.944904 0.918244 0.474067
0.949334 0.920104 0.479616
0.953734 0.921973 0.485173
0.958103 0.923852 0.490738
0.962443 0.925739 0.496312
0.966751 0.927636 0.501893
0.971030 0.929542 0.507481
0.975279 0.931457 0.513078
0.979498 0.933382 0.518682
0.983688 0.935316 0.524295
0.987848 0.937260 0.529914
0.991978 0.939213 0.535542
0.996078 0.941176 0.541176
