0.180392 0.023529 0.168627
0.184850 0.024396 0.171390
0.189335 0.025277 0.174131
0.193846 0.026173 0.176852
0.198383 0.027084 0.179550
0.202946 0.028010 0.182227
0.207535 0.028950 0.184882
0.212149 0.029905 0.187514
0.216788 0.030875 0.190122
0.221452 0.031858 0.192708
0.226141 0.032856 0.195270
0.230854 0.033868 0.197807
0.235592 0.034894 0.200320
0.240353 0.035934 0.202808
0.245139 0.036987 0.205272
0.249948 0.038054 0.207709
0.254781 0.039135 0.210121
0.259636 0.040230 0.212507
0.264515 0.041317 0.214866
0.269416 0.042397 0.217198
0.274340 0.043473 0.219503
0.279286 0.044546 0.221781
0.284254 0.045614 0.224031
0.289244 0.046679 0.226252
0.294256 0.047740 0.228446
0.299289 0.048798 0.230610
0.304343 0.049852 0.232746
0.309418 0.050903 0.234852
0.314514 0.051951 0.236928
0.319630 0.052996 0.238975
0.324766 0.054037 0.240991
0.329923 0.055076 0.242977
0.335099 0.056112 0.244932
0.340294 0.057146 0.246856
0.345509 0.058177 0.248748
0.350743 0.059206 0.250609
0.355996 0.060233 0.252437
0.361267 0.061258 0.254233
0.366556 0.062281 0.255997
0.371864 0.063303 0.257727
0.377190 0.064324 0.259425
0.382533 0.065343 0.261089
0.387893 0.066362 0.262719
0.393271 0.067380 0.264315
0.398665 0.068398 0.265877
0.404076 0.069415 0.267404
0.409504 0.070433 0.268896
0.414947 0.071451 0.270353
0.420407 0.072469 0.271775
0.425882 0.073489 0.273160
0.431373 0.074510 0.274510
0.436717 0.076149 0.275902
0.442074 0.077793 0.277265
0.447444 0.079444 0.278596
0.452827 0.081101 0.279897
0.458221 0.082764 0.281167
0.463628 0.084433 0.282406
0.469047 0.086110 0.283613
0.474477 0.087794 0.284788
0.479918 0.089485 0.285932
0.485370 0.091185 0.287043
0.490834 0.092892 0.288122
0.496308 0.094607 0.289168
0.501792 0.096331 0.290182
0.507286 0.098064 0.291162
0.512791 0.099806 0.292109
0.518305 0.101558 0.293022
0.523828 0.103319 0.293901
0.529361 0.105090 0.294747
0.534902 0.106871 0.295557
0.540453 0.108662 0.296334
0.546011 0.110465 0.297075
0.551578 0.112278 0.297781
0.557153 0.114103 0.298451
0.562736 0.115939 0.299086
0.568327 0.117787 0.299684
0.573924 0.119648 0.300247
0.579529 0.121520 0.300772
0.585140 0.123406 0.301261
0.590758 0.125304 0.301713
0.596382 0.127215 0.302126
0.602013 0.129140 0.302503
0.607649 0.131079 0.302840
0.613290 0.133032 0.303140
0.618937 0.134999 0.303400
0.624589 0.136980 0.303621
0.630246 0.138977 0.303803
0.635907 0.140988 0.303944
0.641573 0.143015 0.304046
0.647243 0.145057 0.304106
0.652916 0.147116 0.304126
0.658593 0.149190 0.304104
0.664274 0.151281 0.304040
0.669957 0.153388 0.303933
0.675643 0.155513 0.303784
0.681332 0.157654 0.303591
0.687023 0.159813 0.303355
0.692716 0.161990 0.303074
0.698410 0.164184 0.302748
0.704107 0.166397 0.302377
0.709804 0.168627 0.301961
0.714591 0.173085 0.301302
0.719365 0.177533 0.300623
0.724126 0.181974 0.299921
0.728874 0.186409 0.299198
0.733609 0.190839 0.298454
0.738330 0.195266 0.297687
0.743037 0.199690 0.296900
0.747730 0.204113 0.296091
0.752408 0.208536 0.295260
0.757072 0.212960 0.294407
0.761722 0.217385 0.293534
0.766356 0.221812 0.292638
0.770975 0.226242 0.291721
0.775579 0.230676 0.290783
0.780168 0.235115 0.289823
0.784740 0.239558 0.288841
0.789297 0.244007 0.287839
0.793837 0.248462 0.286814
0.798361 0.252923 0.285769
0.802868 0.257391 0.284701
0.807359 0.261867 0.283613
0.811832 0.266350 0.282503
0.816289 0.270842 0.281372
0.820728 0.275342 0.280220
0.825149 0.279851 0.279047
0.829553 0.284369 0.277852
0.833938 0.288897 0.276637
0.838306 0.293434 0.275400
0.842655 0.297981 0.274143
0.846985 0.302539 0.272865
0.851297 0.307107 0.271566
0.855589 0.311685 0.270246
0.859863 0.316274 0.268906
0.864117 0.320875 0.267546
0.868352 0.325486 0.266165
0.872567 0.330109 0.264764
0.876763 0.334743 0.263343
0.880938 0.339388 0.261902
0.885093 0.344046 0.260442
0.889227 0.348715 0.258962
0.893341 0.353396 0.257462
0.897435 0.358090 0.255944
0.901507 0.362795 0.254406
0.905558 0.367513 0.252850
0.909588 0.372242 0.251276
0.913596 0.376985 0.249683
0.917583 0.381739 0.248073
0.921548 0.386507 0.246445
0.925491 0.391286 0.244799
0.929412 0.396078 0.243137
0.931318 0.402451 0.240217
0.933165 0.408820 0.237380
0.934953 0.415184 0.234632
0.936684 0.421544 0.231978
0.938356 0.427900 0.229426
0.939970 0.434251 0.226981
0.941527 0.440597 0.224651
0.943027 0.446939 0.222442
0.944470 0.453275 0.220362
0.945857 0.459607 0.218418
0.947187 0.465934 0.216618
0.948462 0.472255 0.214968
0.949681 0.478571 0.213476
0.950846 0.484881 0.212149
0.951956 0.491185 0.210995
0.953011 0.497482 0.210020
0.954014 0.503774 0.209231
0.954963 0.510058 0.208634
0.955859 0.516336 0.208234
0.956703 0.522606 0.208039
0.957495 0.528869 0.208051
0.958236 0.535124 0.208276
0.958926 0.541371 0.208717
0.959567 0.547610 0.209376
0.960157 0.553840 0.210257
0.960699 0.560061 0.211360
0.961192 0.566273 0.212686
0.961638 0.572476 0.214236
0.962036 0.578668 0.216007
0.962388 0.584850 0.218000
0.962694 0.591022 0.220212
0.962954 0.597184 0.222640
0.963171 0.603334 0.225281
0.963343 0.609472 0.228131
0.963472 0.615599 0.231186
0.963559 0.621714 0.234441
0.963605 0.627816 0.237892
0.963609 0.633906 0.241533
0.963574 0.639983 0.245359
0.963499 0.646047 0.249364
0.963386 0.652097 0.253543
0.963235 0.658133 0.257890
0.963048 0.664154 0.262399
0.962825 0.670162 0.267065
0.962566 0.676154 0.271882
0.962274 0.682131 0.276844
0.961949 0.688093 0.281946
0.961592 0.694039 0.287183
0.961203 0.699969 0.292549
0.960784 0.705882 0.298039
0.960878 0.711373 0.308449
0.960978 0.716836 0.318714
0.961085 0.722271 0.328848
0.961201 0.727679 0.338864
0.961325 0.733059 0.348773
0.961460 0.738413 0.358586
0.961605 0.743740 0.368311
0.961761 0.749039 0.377955
0.961931 0.754313 0.387526
0.962113 0.759560 0.397029
0.962309 0.764780 0.406471
0.962521 0.769974 0.415855
0.962748 0.775143 0.425187
0.962992 0.780285 0.434471
0.963254 0.785401 0.443709
0.963535 0.790492 0.452906
0.963834 0.795557 0.462064
0.964155 0.800596 0.471187
0.964496 0.805610 0.480275
0.964860 0.810598 0.489333
0.965246 0.815561 0.498361
0.965657 0.820499 0.507362
0.966093 0.825411 0.516337
0.966554 0.830298 0.525288
0.967043 0.835161 0.534216
0.967559 0.839998 0.543122
0.968103 0.844810 0.552008
0.968678 0.849597 0.560875
0.969282 0.854360 0.569723
0.969918 0.859098 0.578554
0.970587 0.863811 0.587368
0.971289 0.868499 0.596166
0.972025 0.873163 0.604949
0.972796 0.877802 0.613717
0.973604 0.882416 0.622470
0.974448 0.887006 0.631209
0.975330 0.891572 0.639935
0.976251 0.896113 0.648648
0.977212 0.900629 0.657347
0.978213 0.905122 0.666034
0.979256 0.909590 0.674709
0.980341 0.914033 0.683371
0.981469 0.918453 0.692021
0.982642 0.922848 0.700658
0.983860 0.927219 0.709284
0.985123 0.931566 0.717898
0.986433 0.935889 0.726499
0.987791 0.940188 0.735089
0.989197 0.944463 0.743666
0.990652 0.948714 0.752231
0.992157 0.952941 0.760784
