0.909804 0.721569 0.858823
0.899213 0.708872 0.852306
0.888496 0.696247 0.845919
0.877654 0.683695 0.839660
0.866688 0.671216 0.833523
0.855599 0.658810 0.827503
0.844389 0.646478 0.821594
0.833058 0.634221 0.815793
0.821607 0.622039 0.810093
0.810039 0.609932 0.804490
0.798354 0.597900 0.798979
0.786555 0.585944 0.793554
0.774643 0.574063 0.788210
0.762620 0.562256 0.782944
0.750489 0.550525 0.777748
0.738250 0.538867 0.772619
0.725907 0.527282 0.767551
0.713461 0.515770 0.762539
0.700916 0.504329 0.757579
0.688273 0.492959 0.752666
0.675536 0.481658 0.747794
0.662706 0.470424 0.742959
0.649787 0.459256 0.738156
0.636783 0.448151 0.733380
0.623695 0.437108 0.728627
0.610527 0.426124 0.723892
0.597282 0.415196 0.719171
0.583965 0.404322 0.714459
0.570578 0.393497 0.709751
0.557125 0.382718 0.705043
0.543611 0.371981 0.700332
0.530038 0.361281 0.695612
0.516412 0.350614 0.690879
0.502737 0.339973 0.686130
0.489017 0.329354 0.681360
0.475257 0.318747 0.676565
0.461462 0.308147 0.671741
0.447638 0.297545 0.666885
0.433789 0.286931 0.661992
0.419922 0.276294 0.657059
0.406042 0.265622 0.652083
0.392157 0.254902 0.647059
0.386664 0.249083 0.637128
0.381163 0.243286 0.627231
0.375655 0.237513 0.617367
0.370140 0.231762 0.607537
0.364619 0.226034 0.597741
0.359091 0.220328 0.587980
0.353557 0.214645 0.578254
0.348018 0.208985 0.568562
0.342474 0.203346 0.558906
0.336924 0.197730 0.549285
0.331370 0.192136 0.539701
0.325812 0.186563 0.530152
0.320251 0.181012 0.520640
0.314686 0.175483 0.511166
0.309118 0.169974 0.501728
0.303547 0.164486 0.492328
0.297974 0.159019 0.482966
0.292399 0.153571 0.473642
0.286823 0.148143 0.464356
0.281246 0.142734 0.455109
0.275669 0.137343 0.445902
0.270091 0.131970 0.436734
0.264514 0.126614 0.427607
0.258937 0.121275 0.418519
0.253361 0.115950 0.409472
0.247787 0.110639 0.400467
0.242216 0.105341 0.391502
0.236646 0.100055 0.382580
0.231080 0.094778 0.373700
0.225517 0.089508 0.364862
0.219958 0.084243 0.356068
0.214404 0.078981 0.347317
0.208855 0.073717 0.338610
0.203311 0.068449 0.329947
0.197773 0.063170 0.321329
0.192242 0.057877 0.312757
0.186718 0.052561 0.304230
0.181202 0.047213 0.295749
0.175694 0.041824 0.287315
0.170195 0.036432 0.278928
0.164706 0.031373 0.270588
0.159281 0.037165 0.271418
0.153847 0.042907 0.271954
0.148405 0.048262 0.272200
0.142957 0.053274 0.272162
0.137505 0.057995 0.271847
0.132052 0.062460 0.271261
0.126600 0.066700 0.270411
0.121153 0.070734 0.269305
0.115715 0.074579 0.267950
0.110291 0.078249 0.266354
0.104888 0.081753 0.264527
0.099513 0.085099 0.262477
0.094174 0.088294 0.260212
0.088883 0.091343 0.257744
0.083652 0.094250 0.255081
0.078496 0.097017 0.252234
0.073433 0.099649 0.249213
0.068484 0.102146 0.246028
0.063676 0.104510 0.242691
0.059037 0.106744 0.239211
0.054603 0.108847 0.235599
0.050415 0.110823 0.231867
0.046517 0.112670 0.228026
0.042961 0.114391 0.224087
0.039793 0.115987 0.220061
0.037120 0.117458 0.215960
0.035027 0.118806 0.211794
0.033508 0.120031 0.207575
0.032557 0.121135 0.203313
0.032167 0.122120 0.199022
0.032329 0.122985 0.194710
0.033033 0.123734 0.190390
0.034270 0.124367 0.186073
0.036027 0.124886 0.181769
0.038293 0.125293 0.177490
0.041040 0.125589 0.173247
0.044129 0.125777 0.169050
0.047502 0.125859 0.164910
0.051107 0.125837 0.160838
0.054894 0.125713 0.156845
0.058824 0.125490 0.152941
0.060389 0.127857 0.155528
0.061958 0.130231 0.158120
0.063531 0.132611 0.160718
0.065106 0.134997 0.163320
0.066685 0.137390 0.165927
0.068267 0.139789 0.168540
0.069853 0.142195 0.171157
0.071441 0.144606 0.173780
0.073033 0.147024 0.176407
0.074628 0.149448 0.179039
0.076226 0.151878 0.181675
0.077827 0.154315 0.184317
0.079431 0.156757 0.186963
0.081038 0.159205 0.189613
0.082648 0.161659 0.192268
0.084261 0.164119 0.194928
0.085877 0.166585 0.197592
0.087495 0.169057 0.200260
0.089117 0.171535 0.202933
0.090742 0.174018 0.205610
0.092369 0.176508 0.208291
0.094000 0.179003 0.210977
0.095633 0.181503 0.213666
0.097269 0.184009 0.216360
0.098908 0.186521 0.219058
0.100549 0.189039 0.221760
0.102193 0.191562 0.224466
0.103840 0.194090 0.227176
0.105490 0.196624 0.229889
0.107142 0.199164 0.232607
0.108797 0.201709 0.235328
0.110455 0.204259 0.238054
0.112115 0.206815 0.240783
0.113778 0.209376 0.243515
0.115443 0.211942 0.246252
0.117112 0.214514 0.248992
0.118782 0.217091 0.251735
0.120455 0.219673 0.254482
0.122131 0.222261 0.257233
0.123809 0.224853 0.259987
0.125490 0.227451 0.262745
0.128434 0.234663 0.270808
0.131358 0.241917 0.278889
0.134262 0.249211 0.286989
0.137145 0.256546 0.295107
0.140008 0.263922 0.303240
0.142851 0.271337 0.311388
0.145674 0.278791 0.319551
0.148476 0.286284 0.327728
0.151259 0.293815 0.335916
0.154022 0.301384 0.344117
0.156765 0.308991 0.352328
0.159488 0.316635 0.360549
0.162193 0.324316 0.368779
0.164877 0.332033 0.377018
0.167543 0.339786 0.385264
0.170190 0.347575 0.393517
0.172819 0.355399 0.401776
0.175429 0.363258 0.410040
0.178021 0.371152 0.418308
0.180595 0.379080 0.426581
0.183153 0.387043 0.434856
0.185693 0.395038 0.443134
0.188216 0.403067 0.451413
0.190723 0.411129 0.459694
0.193215 0.419224 0.467974
0.195691 0.427351 0.476255
0.198152 0.435510 0.484534
0.200599 0.443701 0.492812
0.203032 0.451924 0.501087
0.205452 0.460177 0.509360
0.207859 0.468462 0.517629
0.210254 0.476777 0.525894
0.212638 0.485122 0.534155
0.215010 0.493497 0.542410
0.217372 0.501902 0.550659
0.219725 0.510337 0.558902
0.222069 0.518800 0.567138
0.224405 0.527293 0.575366
0.226734 0.535814 0.583586
0.229056 0.544364 0.591798
0.231373 0.552941 0.600000
0.243088 0.557329 0.614165
0.255522 0.561594 0.628053
0.268587 0.565740 0.641648
0.282201 0.569773 0.654936
0.296294 0.573698 0.667901
0.310802 0.577523 0.680530
0.325669 0.581252 0.692809
0.340845 0.584892 0.704727
0.356287 0.588450 0.716270
0.371956 0.591932 0.727428
0.387818 0.595346 0.738191
0.403842 0.598698 0.748549
0.420000 0.601995 0.758494
0.436268 0.605246 0.768019
0.452623 0.608455 0.777117
0.469044 0.611632 0.785782
0.485511 0.614784 0.794009
0.502008 0.617917 0.801796
0.518517 0.621039 0.809139
0.535023 0.624158 0.816037
0.551510 0.627281 0.822489
0.567965 0.630414 0.828495
0.584374 0.633567 0.834058
0.600723 0.636745 0.839179
0.617000 0.639955 0.843862
0.633192 0.643206 0.848111
0.649287 0.646505 0.851932
0.665274 0.649857 0.855331
0.681140 0.653271 0.858315
0.696875 0.656753 0.860892
0.712467 0.660310 0.863071
0.727904 0.663949 0.864863
0.743176 0.667677 0.866278
0.758273 0.671499 0.867327
0.773183 0.675424 0.868024
0.787896 0.679456 0.868380
0.802401 0.683602 0.868411
0.816690 0.687869 0.868131
0.830750 0.692261 0.867555
0.844574 0.696786 0.866699
0.858150 0.701448 0.865579
0.871471 0.706252 0.864214
0.884526 0.711204 0.862620
0.897306 0.716308 0.860817
0.909804 0.721569 0.858823
