0.047059 0.125490 0.039216
0.048218 0.128145 0.040278
0.049379 0.130808 0.041337
0.050540 0.133479 0.042395
0.051702 0.136157 0.043455
0.052864 0.138843 0.044517
0.054028 0.141536 0.045580
0.055192 0.144237 0.046645
0.056357 0.146945 0.047712
0.057523 0.149660 0.048781
0.058690 0.152382 0.049851
0.059857 0.155112 0.050923
0.061025 0.157848 0.051996
0.062194 0.160592 0.053072
0.063363 0.163343 0.054149
0.064534 0.166101 0.055228
0.065705 0.168866 0.056308
0.066876 0.171637 0.057391
0.068049 0.174415 0.058475
0.069222 0.177201 0.059561
0.070396 0.179992 0.060649
0.071570 0.182791 0.061738
0.072745 0.185596 0.062829
0.073921 0.188408 0.063922
0.075097 0.191226 0.065017
0.076274 0.194051 0.066114
0.077452 0.196882 0.067212
0.078630 0.199720 0.068312
0.079809 0.202564 0.069414
0.080989 0.205414 0.070518
0.082169 0.208271 0.071624
0.083350 0.211134 0.072731
0.084531 0.214003 0.073840
0.085713 0.216878 0.074951
0.086895 0.219759 0.076064
0.088078 0.222647 0.077179
0.089261 0.225540 0.078295
0.090445 0.228440 0.079413
0.091630 0.231345 0.080534
0.092815 0.234257 0.081655
0.094001 0.237174 0.082779
0.095187 0.240098 0.083905
0.096373 0.243027 0.085032
0.097560 0.245962 0.086161
0.098748 0.248903 0.087293
0.099936 0.251849 0.088425
0.101124 0.254801 0.089560
0.102313 0.257759 0.090697
0.103502 0.260723 0.091835
0.104692 0.263692 0.092975
0.105882 0.266667 0.094118
0.107496 0.270883 0.095954
0.109106 0.275110 0.097799
0.110713 0.279349 0.099652
0.112315 0.283599 0.101513
0.113914 0.287860 0.103383
0.115508 0.292133 0.105261
0.117098 0.296416 0.107147
0.118685 0.300711 0.109041
0.120266 0.305016 0.110943
0.121844 0.309333 0.112854
0.123416 0.313660 0.114773
0.124985 0.317998 0.116700
0.126548 0.322346 0.118636
0.128107 0.326706 0.120580
0.129661 0.331075 0.122532
0.131211 0.335455 0.124492
0.132755 0.339846 0.126461
0.134294 0.344247 0.128438
0.135828 0.348658 0.130423
0.137357 0.353079 0.132416
0.138881 0.357511 0.134418
0.140399 0.361952 0.136428
0.141912 0.366404 0.138447
0.143419 0.370865 0.140473
0.144921 0.375337 0.142508
0.146417 0.379818 0.144551
0.147907 0.384309 0.146603
0.149391 0.388810 0.148663
0.150869 0.393321 0.150731
0.152342 0.397841 0.152807
0.153808 0.402371 0.154892
0.155268 0.406910 0.156985
0.156722 0.411459 0.159086
0.158169 0.416017 0.161196
0.159610 0.420585 0.163314
0.161044 0.425162 0.165440
0.162472 0.429748 0.167575
0.163893 0.434344 0.169717
0.165307 0.438949 0.171869
0.166715 0.443563 0.174028
0.168115 0.448186 0.176196
0.169509 0.452818 0.178372
0.170895 0.457459 0.180556
0.172274 0.462109 0.182749
0.173646 0.466768 0.184950
0.175010 0.471436 0.187159
0.176367 0.476113 0.189376
0.177716 0.480799 0.191602
0.179058 0.485493 0.193836
0.180392 0.490196 0.196078
0.184921 0.494893 0.200448
0.189434 0.499598 0.204814
0.193930 0.504310 0.209176
0.198413 0.509028 0.213534
0.202883 0.513754 0.217890
0.207340 0.518487 0.222244
0.211787 0.523227 0.226596
0.216224 0.527974 0.230946
0.220652 0.532728 0.235296
0.225071 0.537489 0.239645
0.229483 0.542257 0.243994
0.233888 0.547032 0.248344
0.238286 0.551813 0.252694
0.242679 0.556602 0.257045
0.247067 0.561397 0.261396
0.251450 0.566199 0.265750
0.255829 0.571008 0.270104
0.260205 0.575823 0.274461
0.264577 0.580645 0.278820
0.268946 0.585474 0.283181
0.273313 0.590310 0.287544
0.277678 0.595152 0.291910
0.282041 0.600001 0.296279
0.286403 0.604856 0.300651
0.290763 0.609718 0.305025
0.295123 0.614587 0.309403
0.299482 0.619462 0.313785
0.303840 0.624344 0.318169
0.308199 0.629232 0.322558
0.312557 0.634126 0.326950
0.316916 0.639027 0.331346
0.321275 0.643934 0.335745
0.325635 0.648848 0.340149
0.329996 0.653768 0.344557
0.334358 0.658694 0.348968
0.338721 0.663627 0.353385
0.343086 0.668565 0.357805
0.347452 0.673511 0.362230
0.351819 0.678462 0.366659
0.356188 0.683420 0.371092
0.360559 0.688383 0.375531
0.364932 0.693353 0.379973
0.369308 0.698330 0.384421
0.373685 0.703312 0.388873
0.378064 0.708300 0.393330
0.382446 0.713295 0.397791
0.386831 0.718295 0.402258
0.391218 0.723302 0.406729
0.395608 0.728315 0.411205
0.400000 0.733333 0.415686
0.407774 0.736578 0.415544
0.415514 0.739816 0.415400
0.423224 0.743046 0.415254
0.430906 0.746268 0.415107
0.438561 0.749483 0.414959
0.446192 0.752691 0.414810
0.453800 0.755891 0.414662
0.461388 0.759084 0.414513
0.468956 0.762269 0.414366
0.476505 0.765446 0.414220
0.484038 0.768616 0.414076
0.491556 0.771778 0.413934
0.499059 0.774932 0.413795
0.506549 0.778079 0.413659
0.514026 0.781219 0.413527
0.521492 0.784350 0.413399
0.528948 0.787474 0.413276
0.536394 0.790590 0.413158
0.543831 0.793699 0.413046
0.551260 0.796800 0.412940
0.558682 0.799893 0.412841
0.566096 0.802979 0.412749
0.573505 0.806057 0.412665
0.580907 0.809127 0.412590
0.588305 0.812189 0.412524
0.595697 0.815244 0.412468
0.603086 0.818291 0.412422
0.610470 0.821331 0.412387
0.617851 0.824362 0.412364
0.625229 0.827386 0.412353
0.632605 0.830403 0.412354
0.639978 0.833411 0.412369
0.647349 0.836412 0.412398
0.654718 0.839406 0.412441
0.662085 0.842392 0.412500
0.669452 0.845370 0.412575
0.676817 0.848340 0.412667
0.684181 0.851303 0.412776
0.691545 0.854259 0.412903
0.698909 0.857207 0.413048
0.706272 0.860147 0.413213
0.713635 0.863080 0.413398
0.720998 0.866005 0.413604
0.728361 0.868923 0.413831
0.735724 0.871833 0.414081
0.743088 0.874736 0.414353
0.750452 0.877632 0.414649
0.757817 0.880520 0.414970
0.765183 0.883401 0.415315
0.772549 0.886274 0.415686
0.776048 0.888387 0.427527
0.779555 0.890492 0.439163
0.783070 0.892590 0.450613
0.786594 0.894680 0.461890
0.790125 0.896763 0.473009
0.793665 0.898839 0.483981
0.797212 0.900907 0.494818
0.800767 0.902967 0.505529
0.804331 0.905020 0.516122
0.807902 0.907066 0.526606
0.811481 0.909104 0.536989
0.815068 0.911134 0.547275
0.818663 0.913157 0.557472
0.822266 0.915173 0.567585
0.825876 0.917181 0.577619
0.829495 0.919181 0.587579
0.833120 0.921174 0.597469
0.836754 0.923159 0.607293
0.840395 0.925136 0.617054
0.844044 0.927106 0.626756
0.847700 0.929068 0.636403
0.851364 0.931023 0.645997
0.855036 0.932970 0.655541
0.858715 0.934909 0.665037
0.862401 0.936840 0.674488
0.866095 0.938764 0.683897
0.869797 0.940680 0.693265
0.873505 0.942588 0.702594
0.877222 0.944489 0.711887
0.880945 0.946382 0.721145
0.884676 0.948267 0.730369
0.888414 0.950144 0.739562
0.892159 0.952013 0.748725
0.895912 0.953875 0.757859
0.899671 0.955729 0.766965
0.903438 0.957575 0.776046
0.907212 0.959413 0.785101
0.910994 0.961243 0.794132
0.914782 0.963065 0.803141
0.918577 0.964880 0.812128
0.922379 0.966686 0.821095
0.926189 0.968485 0.830041
0.930005 0.970275 0.838969
0.933829 0.972058 0.847878
0.937659 0.973833 0.856771
0.941496 0.975600 0.865647
0.945340 0.977359 0.874507
0.949191 0.979109 0.883352
0.953049 0.980852 0.892183
0.956913 0.982587 0.901000
0.960784 0.984314 0.909804
