0.117647 0.105882 0.294118
0.120870 0.107814 0.301133
0.124124 0.109736 0.308169
0.127410 0.111647 0.315227
0.130728 0.113549 0.322305
0.134076 0.115440 0.329404
0.137455 0.117320 0.336523
0.140865 0.119190 0.343662
0.144305 0.121050 0.350820
0.147776 0.122900 0.357996
0.151277 0.124739 0.365192
0.154809 0.126567 0.372405
0.158370 0.128385 0.379637
0.161961 0.130192 0.386886
0.165581 0.131988 0.394152
0.169231 0.133774 0.401435
0.172911 0.135549 0.408735
0.176619 0.137313 0.416051
0.180357 0.139067 0.423382
0.184124 0.140809 0.430730
0.187919 0.142541 0.438092
0.191743 0.144261 0.445470
0.195596 0.145970 0.452863
0.199477 0.147669 0.460270
0.203387 0.149356 0.467690
0.207324 0.151031 0.475125
0.211290 0.152696 0.482574
0.215284 0.154349 0.490035
0.219305 0.155991 0.497510
0.223354 0.157621 0.504997
0.227431 0.159239 0.512497
0.231536 0.160846 0.520009
0.235668 0.162442 0.527533
0.239827 0.164025 0.535069
0.244013 0.165597 0.542616
0.248227 0.167157 0.550174
0.252467 0.168705 0.557743
0.256735 0.170241 0.565323
0.261029 0.171765 0.572913
0.265351 0.173277 0.580513
0.269698 0.174777 0.588123
0.274073 0.176264 0.595743
0.278474 0.177739 0.603372
0.282901 0.179202 0.611011
0.287354 0.180652 0.618658
0.291834 0.182089 0.626314
0.296340 0.183514 0.633979
0.300872 0.184926 0.641652
0.305431 0.186326 0.649332
0.310015 0.187712 0.657021
0.314624 0.189086 0.664717
0.319260 0.190446 0.672421
0.323922 0.191794 0.680132
0.328609 0.193128 0.687849
0.333321 0.194449 0.695574
0.338059 0.195756 0.703304
0.342823 0.197051 0.711042
0.347612 0.198331 0.718785
0.352426 0.199598 0.726534
0.357265 0.200852 0.734289
0.362130 0.202091 0.742049
0.367019 0.203317 0.749814
0.371934 0.204529 0.757584
0.376874 0.205726 0.765360
0.381838 0.206910 0.773140
0.386828 0.208079 0.780924
0.391842 0.209234 0.788712
0.396881 0.210375 0.796505
0.401944 0.211501 0.804301
0.407033 0.212612 0.812102
0.412146 0.213709 0.819905
0.417283 0.214790 0.827712
0.422445 0.215857 0.835522
0.427631 0.216909 0.843334
0.432841 0.217945 0.851150
0.438076 0.218967 0.858968
0.443335 0.219972 0.866788
0.448619 0.220963 0.874611
0.453926 0.221937 0.882435
0.459257 0.222896 0.890261
0.464613 0.223840 0.898089
0.469992 0.224767 0.905918
0.475396 0.225678 0.913748
0.480823 0.226573 0.921579
0.486275 0.227451 0.929412
0.495196 0.225908 0.926241
0.504006 0.224398 0.922939
0.512710 0.222920 0.919505
0.521311 0.221474 0.915942
0.529813 0.220058 0.912252
0.538220 0.218672 0.908436
0.546535 0.217314 0.904497
0.554761 0.215984 0.900437
0.562900 0.214681 0.896256
0.570955 0.213404 0.891958
0.578927 0.212152 0.887544
0.586819 0.210924 0.883016
0.594633 0.209720 0.878376
0.602369 0.208538 0.873626
0.610029 0.207378 0.868768
0.617615 0.206240 0.863804
0.625126 0.205122 0.858736
0.632565 0.204025 0.853566
0.639932 0.202948 0.848296
0.647227 0.201891 0.842929
0.654452 0.200853 0.837465
0.661606 0.199834 0.831908
0.668689 0.198835 0.826258
0.675704 0.197856 0.820519
0.682648 0.196897 0.814692
0.689523 0.195958 0.808780
0.696329 0.195040 0.802783
0.703065 0.194143 0.796705
0.709732 0.193269 0.790546
0.716330 0.192419 0.784310
0.722858 0.191593 0.777998
0.729316 0.190793 0.771612
0.735703 0.190021 0.765153
0.742021 0.189277 0.758624
0.748268 0.188565 0.752027
0.754443 0.187885 0.745363
0.760548 0.187240 0.738634
0.766580 0.186633 0.731841
0.772540 0.186065 0.724988
0.778427 0.185539 0.718075
0.784241 0.185058 0.711103
0.789982 0.184625 0.704075
0.795648 0.184243 0.696992
0.801239 0.183915 0.689856
0.806755 0.183644 0.682668
0.812195 0.183433 0.675429
0.817559 0.183286 0.668141
0.822845 0.183207 0.660806
0.828054 0.183198 0.653423
0.833184 0.183263 0.645996
0.838236 0.183406 0.638524
0.843208 0.183631 0.631009
0.848100 0.183940 0.623451
0.852911 0.184338 0.615853
0.857641 0.184827 0.608214
0.862289 0.185411 0.600535
0.866855 0.186094 0.592817
0.871337 0.186877 0.585060
0.875736 0.187763 0.577266
0.880050 0.188757 0.569434
0.884279 0.189859 0.561565
0.888423 0.191072 0.553659
0.892481 0.192398 0.545715
0.896451 0.193838 0.537734
0.900335 0.195395 0.529716
0.904131 0.197069 0.521661
0.907838 0.198861 0.513566
0.911457 0.200773 0.505434
0.914986 0.202803 0.497261
0.918425 0.204953 0.489047
0.921773 0.207221 0.480792
0.925031 0.209609 0.472493
0.928197 0.212115 0.464150
0.931271 0.214737 0.455759
0.934253 0.217476 0.447319
0.937142 0.220329 0.438828
0.939937 0.223295 0.430283
0.942639 0.226373 0.421680
0.945247 0.229560 0.413016
0.947761 0.232854 0.404288
0.950179 0.236253 0.395490
0.952503 0.239756 0.386617
0.954731 0.243358 0.377665
0.956863 0.247059 0.368627
0.960450 0.254100 0.362786
0.963955 0.261131 0.356923
0.967378 0.268152 0.351038
0.970718 0.275167 0.345130
0.973976 0.282177 0.339198
0.977152 0.289182 0.333242
0.980245 0.296185 0.327262
0.983255 0.303186 0.321257
0.986182 0.310186 0.315226
0.989027 0.317186 0.309169
0.991788 0.324186 0.303086
0.994467 0.331188 0.296976
0.997062 0.338190 0.290838
0.999575 0.345194 0.284672
1.000000 0.352200 0.278478
1.000000 0.359208 0.272256
1.000000 0.366217 0.266005
1.000000 0.373229 0.259725
1.000000 0.380242 0.253416
1.000000 0.387257 0.247078
1.000000 0.394274 0.240712
1.000000 0.401293 0.234318
1.000000 0.408312 0.227896
1.000000 0.415333 0.221448
1.000000 0.422354 0.214974
1.000000 0.429376 0.208477
1.000000 0.436398 0.201958
1.000000 0.443419 0.195419
1.000000 0.450440 0.188865
1.000000 0.457460 0.182298
1.000000 0.464478 0.175723
1.000000 0.471495 0.169147
1.000000 0.478509 0.162575
1.000000 0.485520 0.156018
1.000000 0.492528 0.149483
1.000000 0.499532 0.142986
1.000000 0.506531 0.136539
1.000000 0.513526 0.130161
1.000000 0.520516 0.123873
1.000000 0.527500 0.117702
1.000000 0.534478 0.111679
1.000000 0.541448 0.105840
1.000000 0.548412 0.100230
1.000000 0.555368 0.094898
1.000000 0.562315 0.089905
1.000000 0.569253 0.085317
1.000000 0.576182 0.081209
1.000000 0.583101 0.077658
1.000000 0.590010 0.074747
1.000000 0.596907 0.072554
1.000000 0.603793 0.071147
1.000000 0.610667 0.070581
1.000000 0.617528 0.070888
1.000000 0.624376 0.072076
1.000000 0.631211 0.074127
1.000000 0.638031 0.077004
1.000000 0.644836 0.080648
1.000000 0.651627 0.084992
1.000000 0.658402 0.089963
1.000000 0.665160 0.095487
1.000000 0.671902 0.101495
1.000000 0.678626 0.107923
1.000000 0.685333 0.114713
1.000000 0.692021 0.121815
1.000000 0.698691 0.129187
1.000000 0.705342 0.136790
1.000000 0.711973 0.144595
1.000000 0.718584 0.152573
1.000000 0.725174 0.160702
1.000000 0.731743 0.168964
1.000000 0.738291 0.177342
1.000000 0.744816 0.185823
1.000000 0.751319 0.194396
1.000000 0.757799 0.203051
1.000000 0.764256 0.211779
1.000000 0.770690 0.220574
1.000000 0.777099 0.229429
1.000000 0.783483 0.238340
1.000000 0.789842 0.247302
0.998723 0.796176 0.256311
0.996695 0.802484 0.265364
0.994631 0.808766 0.274458
0.992532 0.815022 0.283590
0.990399 0.821250 0.292758
0.988235 0.827451 0.301961
