0.262745 0.219608 0.792157
0.265835 0.225889 0.795113
0.268960 0.232081 0.798067
0.272118 0.238192 0.801017
0.275310 0.244227 0.803964
0.278535 0.250193 0.806909
0.281791 0.256093 0.809850
0.285080 0.261933 0.812788
0.288399 0.267716 0.815723
0.291748 0.273447 0.818655
0.295127 0.279128 0.821584
0.298536 0.284763 0.824510
0.301973 0.290355 0.827433
0.305438 0.295905 0.830353
0.308931 0.301417 0.833270
0.312451 0.306893 0.836184
0.315998 0.312335 0.839095
0.319571 0.317744 0.842003
0.323170 0.323123 0.844908
0.326794 0.328473 0.847810
0.330442 0.333796 0.850708
0.334115 0.339093 0.853604
0.337812 0.344365 0.856497
0.341533 0.349614 0.859387
0.345277 0.354841 0.862274
0.349043 0.360047 0.865158
0.352832 0.365233 0.868038
0.356642 0.370400 0.870916
0.360474 0.375549 0.873791
0.364327 0.380681 0.876663
0.368202 0.385796 0.879532
0.372096 0.390896 0.882398
0.376011 0.395981 0.885260
0.379946 0.401052 0.888120
0.383900 0.406110 0.890977
0.387873 0.411155 0.893831
0.391866 0.416187 0.896682
0.395877 0.421208 0.899530
0.399906 0.426218 0.902375
0.403953 0.431217 0.905218
0.408018 0.436207 0.908057
0.412101 0.441186 0.910893
0.416201 0.446156 0.913726
0.420318 0.451118 0.916556
0.424451 0.456071 0.919384
0.428601 0.461016 0.922208
0.432768 0.465954 0.925030
0.436950 0.470884 0.927848
0.441148 0.475807 0.930664
0.445362 0.480724 0.933477
0.449591 0.485635 0.936286
0.453836 0.490539 0.939093
0.458095 0.495438 0.941897
0.462369 0.500331 0.944698
0.466658 0.505219 0.947496
0.470961 0.510103 0.950292
0.475278 0.514981 0.953084
0.479609 0.519856 0.955873
0.483955 0.524726 0.958660
0.488313 0.529592 0.961443
0.492686 0.534454 0.964224
0.497072 0.539312 0.967002
0.501470 0.544168 0.969777
0.505882 0.549020 0.972549
0.509022 0.557354 0.973954
0.512294 0.565630 0.975304
0.515701 0.573847 0.976599
0.519246 0.582007 0.977839
0.522930 0.590111 0.979026
0.526754 0.598161 0.980160
0.530722 0.606157 0.981243
0.534834 0.614100 0.982274
0.539091 0.621991 0.983255
0.543495 0.629831 0.984187
0.548047 0.637620 0.985070
0.552747 0.645359 0.985906
0.557597 0.653049 0.986694
0.562596 0.660690 0.987436
0.567745 0.668282 0.988133
0.573044 0.675827 0.988786
0.578493 0.683325 0.989395
0.584093 0.690775 0.989962
0.589842 0.698179 0.990487
0.595741 0.705536 0.990971
0.601788 0.712847 0.991416
0.607984 0.720113 0.991821
0.614327 0.727333 0.992189
0.620817 0.734508 0.992520
0.627453 0.741638 0.992814
0.634234 0.748724 0.993074
0.641158 0.755764 0.993300
0.648224 0.762761 0.993492
0.655431 0.769713 0.993653
0.662778 0.776621 0.993783
0.670263 0.783485 0.993882
0.677885 0.790305 0.993953
0.685641 0.797082 0.993996
0.693532 0.803815 0.994013
0.701554 0.810504 0.994003
0.709706 0.817150 0.993969
0.717987 0.823753 0.993912
0.726395 0.830313 0.993833
0.734928 0.836829 0.993732
0.743584 0.843302 0.993611
0.752361 0.849732 0.993472
0.761258 0.856119 0.993315
0.770273 0.862464 0.993142
0.779404 0.868765 0.992953
0.788650 0.875023 0.992751
0.798007 0.881239 0.992535
0.807475 0.887412 0.992309
0.817052 0.893542 0.992072
0.826736 0.899629 0.991827
0.836525 0.905674 0.991574
0.846417 0.911676 0.991315
0.856411 0.917636 0.991051
0.866505 0.923553 0.990783
0.876696 0.929428 0.990514
0.886984 0.935260 0.990244
0.897367 0.941049 0.989975
0.907842 0.946797 0.989707
0.918408 0.952501 0.989444
0.929064 0.958164 0.989186
0.939808 0.963784 0.988934
0.950638 0.969362 0.988691
0.961552 0.974898 0.988458
0.972549 0.980392 0.988235
0.963998 0.978486 0.991668
0.955010 0.976767 0.994798
0.945609 0.975229 0.997588
0.935821 0.973862 1.000000
0.925675 0.972657 1.000000
0.915200 0.971605 1.000000
0.904427 0.970694 1.000000
0.893388 0.969914 1.000000
0.882119 0.969253 1.000000
0.870655 0.968699 1.000000
0.859034 0.968240 1.000000
0.847298 0.967863 1.000000
0.835490 0.967554 0.999854
0.823654 0.967301 0.996942
0.811838 0.967089 0.993378
0.800092 0.966904 0.989147
0.788470 0.966731 0.984239
0.777026 0.966557 0.978643
0.765819 0.966366 0.972351
0.754909 0.966144 0.965358
0.744359 0.965874 0.957658
0.734233 0.965543 0.949250
0.724597 0.965135 0.940134
0.715519 0.964635 0.930313
0.707066 0.964027 0.919789
0.699305 0.963296 0.908569
0.692302 0.962429 0.896659
0.686120 0.961408 0.884070
0.680819 0.960222 0.870813
0.676454 0.958853 0.856898
0.673072 0.957290 0.842342
0.670716 0.955518 0.827158
0.669419 0.953524 0.811364
0.669206 0.951294 0.794976
0.670089 0.948818 0.778015
0.672073 0.946081 0.760498
0.675153 0.943074 0.742448
0.679311 0.939785 0.723884
0.684522 0.936205 0.704828
0.690752 0.932323 0.685302
0.697958 0.928131 0.665327
0.706091 0.923620 0.644924
0.715096 0.918784 0.624115
0.724916 0.913614 0.602921
0.735488 0.908106 0.581362
0.746749 0.902254 0.559456
0.758632 0.896054 0.537222
0.771072 0.889501 0.514676
0.784005 0.882594 0.491833
0.797367 0.875329 0.468706
0.811094 0.867707 0.445305
0.825126 0.859725 0.421637
0.839404 0.851386 0.397709
0.853871 0.842690 0.373520
0.868473 0.833639 0.349068
0.883157 0.824237 0.324344
0.897873 0.814487 0.299335
0.912574 0.804394 0.274018
0.927213 0.793964 0.248362
0.941748 0.783203 0.222324
0.956136 0.772120 0.195844
0.970337 0.760722 0.168836
0.984314 0.749020 0.141176
0.981057 0.741730 0.134817
0.977758 0.734456 0.128477
0.974416 0.727198 0.122153
0.971032 0.719956 0.115843
0.967606 0.712731 0.109542
0.964138 0.705523 0.103246
0.960628 0.698332 0.096950
0.957077 0.691157 0.090648
0.953485 0.684000 0.084332
0.949852 0.676860 0.077995
0.946178 0.669737 0.071625
0.942463 0.662632 0.065211
0.938709 0.655544 0.058735
0.934914 0.648474 0.052179
0.931079 0.641422 0.045515
0.927206 0.634388 0.038702
0.923293 0.627372 0.032125
0.919341 0.620374 0.026046
0.915350 0.613395 0.020446
0.911321 0.606434 0.015307
0.907253 0.599492 0.010613
0.903148 0.592569 0.006346
0.899005 0.585664 0.002489
0.894825 0.578778 0.000000
0.890608 0.571911 0.000000
0.886354 0.565063 0.000000
0.882064 0.558234 0.000000
0.877737 0.551425 0.000000
0.873375 0.544635 0.000000
0.868977 0.537864 0.000000
0.864543 0.531113 0.000000
0.860075 0.524381 0.000000
0.855571 0.517669 0.000000
0.851034 0.510977 0.000000
0.846462 0.504304 0.000000
0.841856 0.497651 0.000000
0.837217 0.491018 0.000000
0.832544 0.484404 0.000000
0.827839 0.477811 0.000000
0.823101 0.471237 0.000000
0.818331 0.464684 0.000000
0.813529 0.458150 0.000000
0.808695 0.451636 0.000000
0.803830 0.445143 0.000000
0.798934 0.438669 0.000000
0.794007 0.432215 0.000000
0.789050 0.425781 0.000000
0.784063 0.419367 0.000000
0.779046 0.412973 0.000135
0.774000 0.406598 0.002323
0.768924 0.400243 0.004588
0.763821 0.393908 0.006925
0.758688 0.387593 0.009324
0.753528 0.381297 0.011779
0.748340 0.375020 0.014283
0.743125 0.368763 0.016829
0.737883 0.362525 0.019410
0.732614 0.356306 0.022019
0.727319 0.350106 0.024652
0.721998 0.343924 0.027301
0.716651 0.337761 0.029962
0.711279 0.331617 0.032628
0.705882 0.325490 0.035294
